1.000000000 0.000000000 0.000000000 0.000000000 0.000000000 1.000000000 0.000000000 0.000000000 0.000000000 0.000000000 1.000000000 0.000000000
0.999997377 0.001029385 0.002054874 -0.009265095 -0.001027124 0.999998868 -0.001101536 -0.016615424 -0.002056005 0.001099423 0.999997258 1.206060410
0.999989390 0.001291755 0.004433387 -0.027623296 -0.001288251 0.999998868 -0.000793063 -0.035782155 -0.004434407 0.000787343 0.999989808 2.411939859
0.999982834 0.000753308 0.005797317 -0.029922670 -0.000749928 0.999999583 -0.000585118 -0.053847250 -0.005797754 0.000580761 0.999982953 3.607423544
0.999976873 0.000588814 0.006777827 -0.026822191 -0.000583898 0.999999583 -0.000727249 -0.073598742 -0.006778252 0.000723275 0.999976695 4.803368568
0.999971449 0.000220090 0.007559109 -0.021940377 -0.000216610 0.999999881 -0.000461126 -0.098023243 -0.007559209 0.000459475 0.999971330 5.998095036
0.999966681 0.000533335 0.008147586 -0.014076889 -0.000522081 0.999998927 -0.001383390 -0.120250426 -0.008148314 0.001379090 0.999965847 7.198420525
0.999957442 0.000596097 0.009208121 -0.015189819 -0.000581896 0.999998748 -0.001544770 -0.146723166 -0.009209030 0.001539346 0.999956310 8.385754585
0.999957383 0.000202321 0.009238658 -0.006521448 -0.000203159 1.000000000 0.000089820 -0.169889718 -0.009238642 -0.000091693 0.999957263 9.568134308
0.999967098 -0.000555845 0.008091493 -0.007229239 0.000546499 0.999999166 0.001157176 -0.197613731 -0.008092129 -0.001152715 0.999966562 10.785154343
0.999982119 -0.001661212 0.005739246 -0.005507596 0.001657544 0.999998450 0.000643739 -0.218909651 -0.005740305 -0.000634215 0.999983311 11.985815048
0.999991059 -0.001420885 0.003987308 -0.009073306 0.001419928 0.999998927 0.000243112 -0.238873899 -0.003987649 -0.000237449 0.999992013 13.153516769
0.999996066 -0.001393272 0.002463163 -0.009274751 0.001392718 0.999998927 0.000226667 -0.258942932 -0.002463477 -0.000223235 0.999996960 14.349120140
0.999998689 -0.000253373 0.001635124 -0.019792451 0.000253110 0.999999940 0.000161142 -0.285584390 -0.001635164 -0.000160728 0.999998689 15.550181389
0.999999225 0.000010476 0.001272107 -0.013918068 -0.000010762 1.000000000 0.000225329 -0.303661913 -0.001272105 -0.000225343 0.999999106 16.730607986
0.999999583 -0.000701185 0.000630203 -0.018553112 0.000700662 0.999999464 0.000829973 -0.324363768 -0.000630784 -0.000829531 0.999999404 17.926132202
0.999998987 -0.001347017 -0.000078429 -0.014057836 0.001347082 0.999998748 0.000834956 -0.343575060 0.000077304 -0.000835061 0.999999583 19.120592117
0.999998689 -0.001114767 -0.001066996 -0.018655721 0.001114595 0.999999344 -0.000161371 -0.365188807 0.001067176 0.000160181 0.999999464 20.317546844
0.999998629 -0.001196661 -0.001053538 -0.034032814 0.001195786 0.999999046 -0.000830613 -0.387651473 0.001054532 0.000829352 0.999999046 21.514663696
0.999998450 0.000234766 -0.001715555 -0.041342065 -0.000235106 0.999999940 -0.000197690 -0.409085423 0.001715509 0.000198093 0.999998450 22.713439941
0.999997199 -0.000502221 -0.002329054 -0.056802750 0.000501295 0.999999762 -0.000398008 -0.431616008 0.002329254 0.000396840 0.999997139 23.912059784
0.999994278 -0.000489907 -0.003364697 -0.065003902 0.000486910 0.999999404 -0.000891562 -0.455123365 0.003365132 0.000889918 0.999993920 25.108818054
0.999991715 -0.000064683 -0.004069478 -0.078523695 0.000064078 1.000000000 -0.000148793 -0.481773138 0.004069488 0.000148531 0.999991655 26.297092438
0.999987662 -0.001795724 -0.004631253 -0.092195138 0.001801829 0.999997556 0.001314400 -0.499563694 0.004628881 -0.001322729 0.999988377 27.500654221
0.999981701 -0.001757967 -0.005796702 -0.098067470 0.001767427 0.999997139 0.001627274 -0.521863997 0.005793826 -0.001637489 0.999981880 28.693771362
0.999975026 -0.002489464 -0.006625731 -0.112466618 0.002495843 0.999996364 0.000954622 -0.543152690 0.006623331 -0.000971135 0.999977648 29.893007278
0.999967992 -0.002758688 -0.007502983 -0.120340034 0.002757934 0.999996185 -0.000110835 -0.563903451 0.007503260 0.000090139 0.999971807 31.085056305
0.999963224 -0.002159743 -0.008308473 -0.136530921 0.002160504 0.999997675 0.000082554 -0.585133910 0.008308276 -0.000100501 0.999965489 32.278049469
0.999956071 -0.002369192 -0.009076262 -0.149964213 0.002373789 0.999997079 0.000495659 -0.604140639 0.009075062 -0.000517182 0.999958634 33.482646942
0.999949276 -0.003127397 -0.009572741 -0.165447071 0.003134629 0.999994814 0.000740564 -0.625415921 0.009570372 -0.000770534 0.999953926 34.670162201
0.999940515 -0.003699364 -0.010257477 -0.178094491 0.003708672 0.999992728 0.000888628 -0.647797585 0.010254113 -0.000926617 0.999947011 35.869388580
0.999936581 -0.003621191 -0.010654823 -0.196906358 0.003629153 0.999993086 0.000728099 -0.667546213 0.010652112 -0.000766721 0.999942958 37.067054749
0.999933779 -0.004384031 -0.010630840 -0.213445574 0.004400277 0.999989212 0.001505372 -0.688726306 0.010624125 -0.001552052 0.999942362 38.264472961
0.999936104 -0.004119902 -0.010521881 -0.234265760 0.004148777 0.999987721 0.002723888 -0.708672762 0.010510529 -0.002767367 0.999940932 39.481441498
0.999934912 -0.003544178 -0.010841749 -0.247843444 0.003579683 0.999988317 0.003257174 -0.721292973 0.010830080 -0.003295772 0.999935925 40.683116913
0.999940038 -0.002837942 -0.010564059 -0.268170387 0.002870670 0.999991119 0.003084064 -0.742838919 0.010555212 -0.003114205 0.999939442 41.887096405
0.999945283 -0.001788210 -0.010300445 -0.288699538 0.001818853 0.999993920 0.002966335 -0.757479548 0.010295077 -0.002984907 0.999942541 43.081405640
0.999951124 0.000610741 -0.009868150 -0.307502270 -0.000564257 0.999988794 0.004712628 -0.772333503 0.009870918 -0.004706829 0.999940217 44.284019470
0.999966621 0.000899341 -0.008118296 -0.325056016 -0.000835694 0.999968886 0.007839881 -0.786256611 0.008125092 -0.007832834 0.999936342 45.483428955
0.999980211 0.001515567 -0.006107230 -0.336789161 -0.001452617 0.999945879 0.010298667 -0.791220009 0.006122506 -0.010289588 0.999928355 46.686630249
0.999984443 0.001975907 -0.005228060 -0.340546668 -0.001904703 0.999905825 0.013589602 -0.797686696 0.005254420 -0.013579431 0.999893963 47.889003754
0.999993742 0.000883122 -0.003428782 -0.357497811 -0.000831791 0.999888062 0.014943276 -0.805671513 0.003441596 -0.014940331 0.999882460 49.098983765
0.999998629 -0.000022032 -0.001684804 -0.357841849 0.000044412 0.999911666 0.013284073 -0.803456724 0.001684363 -0.013284130 0.999910355 50.315013885
0.999999404 0.000938667 -0.000552591 -0.365487456 -0.000932055 0.999929309 0.011846266 -0.811513007 0.000563671 -0.011845744 0.999929667 51.530838013
0.999999464 0.000963260 0.000357917 -0.373968869 -0.000967206 0.999936879 0.011194114 -0.814685345 -0.000347112 -0.011194455 0.999937356 52.729221344
0.999999404 0.000975154 0.000481969 -0.379455030 -0.000980279 0.999941766 0.010749548 -0.824234605 -0.000471459 -0.010750016 0.999942124 53.912780762
0.999999821 0.000443548 -0.000305318 -0.387411475 -0.000440609 0.999954224 0.009560723 -0.831247807 0.000309545 -0.009560588 0.999954283 55.122989655
0.999997973 0.000290296 -0.002013549 -0.389728606 -0.000269843 0.999948382 0.010150397 -0.838640094 0.002016391 -0.010149831 0.999946415 56.324604034
0.999994040 0.000326711 -0.003460464 -0.397798181 -0.000288771 0.999939859 0.010958583 -0.842276812 0.003463836 -0.010957517 0.999933898 57.533115387
0.999991715 0.000111599 -0.004057266 -0.414923310 -0.000064281 0.999931991 0.011660704 -0.857200325 0.004058292 -0.011660348 0.999923766 58.728717804
0.999986529 0.000945781 -0.005096358 -0.424817979 -0.000888348 0.999936223 0.011259901 -0.860421598 0.005106682 -0.011255223 0.999923587 59.929039001
0.999983132 0.001175408 -0.005688999 -0.439031065 -0.001110924 0.999935269 0.011324724 -0.873223841 0.005701942 -0.011318213 0.999919653 61.140106201
0.999983609 0.000108784 -0.005730609 -0.449887842 -0.000049655 0.999946713 0.010317193 -0.875886023 0.005731428 -0.010316741 0.999930263 62.334171295
0.999981284 -0.000499047 -0.006092861 -0.459383696 0.000558352 0.999952435 0.009735846 -0.891302586 0.006087716 -0.009739066 0.999934018 63.549842834
0.999978125 -0.000647379 -0.006577550 -0.467883617 0.000721332 0.999936461 0.011247210 -0.901429951 0.006569853 -0.011251711 0.999915123 64.753082275
0.999975622 -0.001531137 -0.006805436 -0.481642663 0.001617024 0.999918878 0.012632843 -0.910859287 0.006785543 -0.012643539 0.999897003 65.960220337
0.999976218 -0.000174566 -0.006896911 -0.499485284 0.000250447 0.999939442 0.011002885 -0.919188797 0.006894573 -0.011004352 0.999915659 67.155014038
0.999976814 0.001601343 -0.006619921 -0.518925011 -0.001535593 0.999949574 0.009925233 -0.928120613 0.006635481 -0.009914840 0.999928832 68.352767944
0.999970794 0.003554300 -0.006761741 -0.531249762 -0.003484782 0.999941170 0.010265262 -0.937696874 0.006797832 -0.010241400 0.999924421 69.540061951
0.999962628 0.005629814 -0.006557530 -0.549445510 -0.005562214 0.999931633 0.010281802 -0.943071544 0.006614968 -0.010244944 0.999925673 70.733474731
0.999955595 0.006933426 -0.006402201 -0.565529346 -0.006863628 0.999917448 0.010860765 -0.953942060 0.006476976 -0.010816339 0.999920547 71.934951782
0.999957860 0.007449735 -0.005369021 -0.580360591 -0.007384680 0.999900222 0.012036311 -0.963616371 0.005458153 -0.011996156 0.999913156 73.132194519
0.999949932 0.009228013 -0.003876987 -0.585209489 -0.009179130 0.999880433 0.012442808 -0.967511535 0.003991346 -0.012406596 0.999915123 74.324943542
0.999966621 0.008110736 -0.000971860 -0.590615988 -0.008100508 0.999916136 0.010104206 -0.978522003 0.001053731 -0.010095995 0.999948442 75.501380920
0.999984741 0.005288711 0.001615533 -0.594114542 -0.005296795 0.999973357 0.005041243 -0.989161074 -0.001588829 -0.005049722 0.999985933 76.677284241
0.999973714 0.005997972 0.004107670 -0.593690634 -0.006016596 0.999971509 0.004536286 -1.002764106 -0.004080345 -0.004560880 0.999981284 77.861564636
0.999964476 0.004964617 0.006811744 -0.589366972 -0.005021240 0.999952734 0.008320833 -1.018544912 -0.006770113 -0.008354742 0.999942183 79.044456482
0.999929667 0.006122579 0.010155240 -0.583711684 -0.006221347 0.999933362 0.009722934 -1.031855106 -0.010095035 -0.009785429 0.999901116 80.227210999
0.999877274 0.006371120 0.014307592 -0.574225426 -0.006484236 0.999947906 0.007873601 -1.041487694 -0.014256686 -0.007965409 0.999866664 81.393814087
0.999829471 0.004657084 0.017871529 -0.562757730 -0.004745713 0.999976635 0.004920007 -1.057225227 -0.017848199 -0.005003981 0.999828160 82.567573547
0.999769986 0.003368737 0.021183450 -0.539766073 -0.003402057 0.999992967 0.001537108 -1.073157191 -0.021178117 -0.001608822 0.999774337 83.727317810
0.999686003 0.002954221 0.024886496 -0.517435312 -0.002972444 0.999995291 0.000695279 -1.091626406 -0.024884323 -0.000769034 0.999690056 84.880271912
0.999599338 0.002658421 0.028177785 -0.482402802 -0.002721552 0.999993861 0.002202348 -1.109983206 -0.028171757 -0.002278152 0.999600589 86.049781799
0.999473453 0.003964344 0.032201730 -0.459307432 -0.004057406 0.999987781 0.002825121 -1.131828904 -0.032190137 -0.002954290 0.999477327 87.214202881
0.999358356 0.003044978 0.035686761 -0.415625334 -0.003064892 0.999995172 0.000503357 -1.149949074 -0.035685066 -0.000612410 0.999362886 88.354598999
0.999234378 0.002979788 0.039009083 -0.375467300 -0.002922068 0.999994516 -0.001536586 -1.171565771 -0.039013453 0.001421423 0.999237716 89.502273560
0.999107718 0.003414936 0.042096473 -0.326817513 -0.003331342 0.999992311 -0.002055770 -1.191529751 -0.042103171 0.001913698 0.999111414 90.674156189
0.998990595 0.001869833 0.044879161 -0.275296688 -0.001830499 0.999997854 -0.000917519 -1.210669994 -0.044880770 0.000834442 0.998991907 91.824546814
0.998856187 0.001604793 0.047786646 -0.228144169 -0.001637191 0.999998391 0.000638834 -1.229685664 -0.047785539 -0.000716339 0.998857260 92.985633850
0.998726726 0.000843803 0.050440680 -0.173533440 -0.000970317 0.999996603 0.002483742 -1.252530813 -0.050438408 -0.002529523 0.998723984 94.137771606
0.998604417 -0.000665197 0.052809764 -0.115588188 0.000491881 0.999994516 0.003294820 -1.266295195 -0.052811664 -0.003264246 0.998599172 95.295288086
0.998468697 -0.001804390 0.055290107 -0.049591541 0.001738714 0.999997854 0.001235914 -1.284354329 -0.055292197 -0.001137888 0.998469532 96.454292297
0.998364270 -0.003446107 0.057068825 0.022196770 0.003581509 0.999991000 -0.002270502 -1.303976536 -0.057060476 0.002471180 0.998367667 97.609489441
0.998233438 -0.002359349 0.059367865 0.079509258 0.002670130 0.999983191 -0.005156042 -1.327038527 -0.059354693 0.005305454 0.998222828 98.777015686
0.998121977 -0.002387342 0.061213322 0.144630432 0.002762139 0.999977946 -0.006038911 -1.347028255 -0.061197553 0.006196648 0.998106420 99.955017090
0.998107076 -0.002105866 0.061464414 0.212069988 0.002444837 0.999982238 -0.005440208 -1.371364355 -0.061451867 0.005580182 0.998094440 101.138458252
0.998171747 -0.002045978 0.060408138 0.286819935 0.002271788 0.999990702 -0.003669623 -1.393828750 -0.060400069 0.003800149 0.998166978 102.325721741
0.998222172 -0.002902921 0.059531331 0.336715698 0.003025786 0.999993384 -0.001973817 -1.423972607 -0.059525207 0.002150437 0.998224497 103.494384766
0.998352706 -0.002388331 0.057324454 0.404467583 0.002466039 0.999996066 -0.001284879 -1.440746546 -0.057321165 0.001424127 0.998354793 104.687232971
0.998496354 -0.002307789 0.054768708 0.461509228 0.002342921 0.999997139 -0.000577257 -1.463634968 -0.054767206 0.000704709 0.998498917 105.878204346
0.998625100 -0.001364519 0.052401539 0.510925770 0.001413793 0.999998569 -0.000903266 -1.479966879 -0.052400228 0.000976109 0.998625696 107.096710205
0.998810470 0.000048700 0.048760481 0.558303833 0.000032639 0.999998569 -0.001667346 -1.492693186 -0.048760485 0.001666954 0.998809159 108.301513672
0.999003589 0.000399657 0.044628061 0.609515190 -0.000352374 0.999999344 -0.001067338 -1.512109637 -0.044628449 0.001050549 0.999003053 109.498680115
0.999177396 0.000765865 0.040545389 0.660619497 -0.000764257 0.999999702 -0.000055180 -1.530754566 -0.040545415 0.000024147 0.999177694 110.728233337
0.999344051 0.001195554 0.036195327 0.693992615 -0.001227278 0.999998927 0.000854274 -1.552062154 -0.036194257 -0.000898136 0.999344409 111.937561035
0.999494374 0.001165161 0.031774994 0.728699923 -0.001211174 0.999998212 0.001428897 -1.570184708 -0.031773280 -0.001466659 0.999493957 113.158721924
0.999640584 0.001610482 0.026760772 0.758500576 -0.001652716 0.999997437 0.001556158 -1.586540699 -0.026758196 -0.001599827 0.999640644 114.376045227
0.999759257 0.002481728 0.021799587 0.784164667 -0.002515144 0.999995708 0.001505590 -1.607848406 -0.021795761 -0.001560057 0.999761224 115.607124329
0.999852002 0.002810174 0.016972397 0.794275641 -0.002829897 0.999995351 0.001138134 -1.622945666 -0.016969122 -0.001185996 0.999855340 116.830924988
0.999917269 0.004204100 0.012157791 0.804932654 -0.004211483 0.999991000 0.000581735 -1.644803166 -0.012155237 -0.000632889 0.999925852 118.062156677
0.999944985 0.005831854 0.008713671 0.807955146 -0.005837468 0.999982715 0.000619002 -1.666824341 -0.008709910 -0.000669834 0.999961853 119.295097351
0.999947309 0.007939811 0.006504417 0.808696210 -0.007943754 0.999968231 0.000580314 -1.682391167 -0.006499604 -0.000631953 0.999978662 120.538261414
0.999943972 0.009087008 0.005416830 0.806985021 -0.009088860 0.999958575 0.000317401 -1.702393651 -0.005413722 -0.000366616 0.999985278 121.782875061
0.999926448 0.011349381 0.004280272 0.806047618 -0.011351767 0.999935448 0.000533668 -1.719282389 -0.004273939 -0.000582217 0.999990702 123.028450012
0.999914646 0.012640042 0.003304256 0.801208735 -0.012644135 0.999919295 0.001220706 -1.735812545 -0.003288559 -0.001262381 0.999993801 124.278541565
0.999915600 0.012664434 0.002913545 0.792082906 -0.012669399 0.999918222 0.001691500 -1.754090190 -0.002891885 -0.001728270 0.999994338 125.528503418
0.999862850 0.016437223 0.002006033 0.785135329 -0.016444921 0.999857187 0.003884479 -1.774941206 -0.001941896 -0.003916936 0.999990463 126.793853760
0.999846220 0.017444927 0.001755017 0.778077722 -0.017457131 0.999821663 0.007198514 -1.789080858 -0.001629126 -0.007228045 0.999972582 128.042251587
0.999872208 0.015971133 0.000696855 0.775440931 -0.015975356 0.999850869 0.006549005 -1.799564600 -0.000592157 -0.006559301 0.999978304 129.308563232
0.999872625 0.015964968 0.000036067 0.769387424 -0.015964933 0.999858499 0.005285076 -1.810478449 0.000048315 -0.005284978 0.999986053 130.565841675
0.999909163 0.013446893 -0.000794312 0.772285044 -0.013441625 0.999889791 0.006299373 -1.825280666 0.000878931 -0.006288125 0.999979854 131.828338623
0.999939263 0.010914188 -0.001569288 0.768031836 -0.010901553 0.999909759 0.007846300 -1.834014535 0.001654781 -0.007828712 0.999967933 133.097045898
0.999971092 0.007422655 -0.001656021 0.758585870 -0.007406144 0.999924898 0.009763421 -1.844524145 0.001728367 -0.009750872 0.999950886 134.369094849
0.999983609 0.005398565 -0.001933435 0.750711203 -0.005377333 0.999926984 0.010823443 -1.854913354 0.001991725 -0.010812867 0.999939501 135.648437500
0.999997258 0.001391451 -0.001910698 0.756521761 -0.001373977 0.999957442 0.009116565 -1.864016891 0.001923301 -0.009113913 0.999956667 136.904953003
0.999998033 -0.000970831 -0.001745527 0.749018431 0.000985318 0.999964833 0.008318388 -1.873685598 0.001737390 -0.008320089 0.999963939 138.177566528
0.999995887 -0.002329845 -0.001625836 0.748868942 0.002342371 0.999967277 0.007745430 -1.879241705 0.001607737 -0.007749205 0.999968648 139.460632324
0.999996245 -0.002518239 -0.001051623 0.740224481 0.002526461 0.999965668 0.007891234 -1.886593461 0.001031714 -0.007893861 0.999968290 140.742507935
0.999997079 -0.002233892 -0.000866385 0.742477179 0.002242452 0.999947548 0.010009561 -1.897698283 0.000843978 -0.010011475 0.999949455 142.022903442
1.000000000 0.000155829 -0.000109256 0.730719864 -0.000154546 0.999932230 0.011648064 -1.907858968 0.000111063 -0.011648046 0.999932110 143.301162720
0.999999821 -0.000040600 0.000619862 0.725932896 0.000034505 0.999951720 0.009829780 -1.916758537 -0.000620230 -0.009829757 0.999951541 144.584609985
0.999999225 0.000657458 0.001061259 0.717811823 -0.000666033 0.999966979 0.008099768 -1.926116705 -0.001055898 -0.008100469 0.999966741 145.856430054
0.999998868 0.000394351 0.001454614 0.714136302 -0.000402325 0.999984860 0.005485893 -1.940063000 -0.001452428 -0.005486472 0.999984026 147.144210815
0.999997497 -0.000365477 0.002242938 0.708026409 0.000361969 0.999998629 0.001563874 -1.960844874 -0.002243507 -0.001563058 0.999996245 148.407760620
0.999995649 -0.000602266 0.002872261 0.701225638 0.000608376 0.999997497 -0.002126594 -1.980270028 -0.002870973 0.002128333 0.999993622 149.685516357
0.999995410 -0.000536920 0.002958216 0.702614784 0.000545970 0.999995112 -0.003059175 -2.002712250 -0.002956559 0.003060777 0.999990940 150.953659058
0.999994636 -0.000307506 0.003232634 0.695873678 0.000316424 0.999996126 -0.002758474 -2.028340816 -0.003231773 0.002759482 0.999991000 152.224807739
0.999996483 -0.000012513 0.002639735 0.703217804 0.000017673 0.999998093 -0.001954896 -2.058626652 -0.002639705 0.001954936 0.999994576 153.481857300
0.999997139 -0.000036614 0.002365236 0.704253495 0.000039375 0.999999344 -0.001167108 -2.080384016 -0.002365191 0.001167198 0.999996543 154.743331909
0.999996424 0.001055508 0.002446006 0.690435410 -0.001054180 0.999999285 -0.000543950 -2.102548361 -0.002446578 0.000541370 0.999996841 156.009811401
0.999997318 0.001575559 0.001691928 0.688429832 -0.001574658 0.999998629 -0.000534114 -2.128177643 -0.001692767 0.000531448 0.999998391 157.275588989
0.999998033 0.001648193 0.001144679 0.686726213 -0.001647587 0.999998510 -0.000530152 -2.149837732 -0.001145551 0.000528265 0.999999225 158.551284790
0.999998987 0.001288793 0.000615488 0.679203212 -0.001289193 0.999998927 0.000650683 -2.171113491 -0.000614649 -0.000651476 0.999999642 159.819793701
0.999997497 0.002229845 0.000046301 0.672943473 -0.002229898 0.999996781 0.001187038 -2.195981503 -0.000043654 -0.001187138 0.999999225 161.090820312
0.999996841 0.002364136 -0.000816211 0.668278873 -0.002364060 0.999997139 0.000094036 -2.215246916 0.000816431 -0.000092107 0.999999583 162.360733032
0.999994934 0.002861942 -0.001369325 0.658683658 -0.002863750 0.999994993 -0.001320173 -2.234128475 0.001365540 0.001324088 0.999998212 163.621139526
0.999989927 0.003976477 -0.002066582 0.650749147 -0.003978465 0.999991596 -0.000958823 -2.259313583 0.002062752 0.000967035 0.999997437 164.884033203
0.999990821 0.003253347 -0.002792734 0.638201177 -0.003259367 0.999992371 -0.002153680 -2.282581568 0.002785706 0.002162762 0.999993801 166.161636353
0.999987125 0.003371249 -0.003778920 0.629117429 -0.003383326 0.999989152 -0.003194188 -2.307779312 0.003768111 0.003206932 0.999987781 167.424621582
0.999984384 0.003720233 -0.004148491 0.615952790 -0.003732527 0.999988616 -0.002959894 -2.330386400 0.004137430 0.002975333 0.999987006 168.699996948
0.999978542 0.004002274 -0.005180809 0.607050061 -0.004010561 0.999990702 -0.001590295 -2.355359077 0.005174395 0.001611039 0.999985337 169.974761963
0.999977946 0.003807587 -0.005443854 0.594473779 -0.003813555 0.999992132 -0.001086329 -2.382419825 0.005439675 0.001107066 0.999984562 171.242401123
0.999968708 0.004465056 -0.006528567 0.582442164 -0.004469565 0.999989808 -0.000676253 -2.404604197 0.006525481 0.000705411 0.999978483 172.510086060
0.999963522 0.004701414 -0.007128415 0.566954613 -0.004705920 0.999988735 -0.000615441 -2.426539421 0.007125442 0.000648964 0.999974430 173.790054321
0.999958694 0.005210214 -0.007446408 0.547532439 -0.005219633 0.999985635 -0.001246011 -2.453781843 0.007439809 0.001284827 0.999971449 175.037338257
0.999952197 0.006140395 -0.007607205 0.524245739 -0.006153951 0.999979496 -0.001760014 -2.476046562 0.007596244 0.001806744 0.999969482 176.305023193
0.999947488 0.006182172 -0.008164705 0.500868678 -0.006194752 0.999979675 -0.001516416 -2.495472193 0.008155165 0.001566915 0.999965489 177.567108154
0.999945700 0.006287982 -0.008302121 0.481609344 -0.006308557 0.999977052 -0.002454587 -2.524744749 0.008286495 0.002506828 0.999962449 178.815307617
0.999951065 0.005289835 -0.008358926 0.462993860 -0.005324794 0.999977112 -0.004165508 -2.546837330 0.008336699 0.004209814 0.999956369 180.079559326
0.999963760 0.001921113 -0.008287620 0.443216205 -0.001954978 0.999989748 -0.004080129 -2.574095964 0.008279698 0.004096184 0.999957323 181.344711304
0.999957383 0.002121854 -0.008980689 0.439484954 -0.002124648 0.999997675 -0.000301550 -2.598224878 0.008980028 0.000320618 0.999959648 182.601745605
0.999957800 0.001322527 -0.009087688 0.422039270 -0.001284550 0.999990404 0.004183522 -2.622099638 0.009093135 -0.004171672 0.999949992 183.867660522
0.999955177 0.002359636 -0.009168383 0.408494830 -0.002328382 0.999991417 0.003418109 -2.638176918 0.009176371 -0.003396608 0.999952078 185.123260498
0.999954343 0.004110567 -0.008631444 0.383607626 -0.004110000 0.999991536 0.000083572 -2.654848099 0.008631714 -0.000048093 0.999962747 186.371368408
0.999948561 0.004133459 -0.009259966 0.366547227 -0.004148820 0.999990046 -0.001640366 -2.680212975 0.009253092 0.001678700 0.999955773 187.622268677
0.999945819 0.004198433 -0.009529833 0.349169731 -0.004212060 0.999990165 -0.001410353 -2.703316927 0.009523817 0.001450417 0.999953508 188.872451782
0.999951422 0.003540135 -0.009195826 0.331297994 -0.003543773 0.999993622 -0.000379332 -2.726833344 0.009194423 0.000411902 0.999957681 190.126007080
0.999951065 0.003553567 -0.009234730 0.314120770 -0.003536143 0.999991894 0.001902376 -2.751174450 0.009241416 -0.001869628 0.999955654 191.372131348
0.999961019 0.003087120 -0.008271126 0.294002295 -0.003065336 0.999991834 0.002645141 -2.771847725 0.008279226 -0.002619683 0.999962211 192.620620728
0.999971926 0.003165430 -0.006795948 0.277961850 -0.003152918 0.999993384 0.001851100 -2.789902925 0.006801764 -0.001829620 0.999975145 193.864044189
0.999983907 0.002374211 -0.005159197 0.261381030 -0.002372075 0.999997079 0.000420097 -2.811946154 0.005160180 -0.000407852 0.999986589 195.087448120
0.999990880 0.001911660 -0.003834704 0.246882498 -0.001915634 0.999997616 -0.001032934 -2.833788395 0.003832720 0.001040270 0.999992132 196.317337036
0.999995649 0.001657128 -0.002452799 0.240274519 -0.001661124 0.999997318 -0.001627878 -2.859948635 0.002450095 0.001631945 0.999995649 197.542282104
0.999998212 0.001769863 -0.000736277 0.230746999 -0.001770442 0.999998152 -0.000786222 -2.885549068 0.000734884 0.000787525 0.999999404 198.755859375
0.999998808 0.001523765 0.000414860 0.224235341 -0.001524130 0.999998450 0.000881468 -2.907491207 -0.000413517 -0.000882099 0.999999464 199.985763550
0.999995828 0.002555234 0.001436391 0.217790455 -0.002557134 0.999995828 0.001322506 -2.932295322 -0.001433005 -0.001326173 0.999998033 201.200439453
0.999993265 0.002318948 0.002834189 0.211008430 -0.002322685 0.999996424 0.001316203 -2.954052687 -0.002831126 -0.001322777 0.999995112 202.398818970
0.999991596 0.002091728 0.003529690 0.214381695 -0.002095775 0.999997139 0.001143207 -2.968688011 -0.003527288 -0.001150594 0.999993145 203.611190796
0.999984741 0.002367659 0.004978302 0.206256926 -0.002375406 0.999995947 0.001550641 -2.994876385 -0.004974611 -0.001562443 0.999986410 204.785675049
0.999976933 0.002834250 0.006148757 0.201514721 -0.002843371 0.999994814 0.001475207 -3.015582085 -0.006144545 -0.001492657 0.999980032 205.986160278
0.999973357 0.002399576 0.006877686 0.201929927 -0.002411605 0.999995470 0.001741140 -3.044732332 -0.006873478 -0.001757680 0.999974787 207.156005859
0.999971747 0.001614907 0.007364157 0.205686569 -0.001625367 0.999997735 0.001414608 -3.057745934 -0.007361856 -0.001426538 0.999971926 208.308349609
0.999967813 0.001497601 0.007898022 0.202323198 -0.001517666 0.999995649 0.002535111 -3.084762096 -0.007894192 -0.002547015 0.999965608 209.464050293
0.999972045 0.001149381 0.007390469 0.208171129 -0.001173484 0.999993980 0.003257874 -3.099896193 -0.007386680 -0.003266456 0.999967337 210.592453003
0.999973834 0.001221210 0.007142317 0.205848217 -0.001245714 0.999993384 0.003427173 -3.123901606 -0.007138084 -0.003435981 0.999968588 211.703506470
0.999975622 0.002078764 0.006658836 0.205794454 -0.002094225 0.999995053 0.002315760 -3.144218445 -0.006653989 -0.002329649 0.999975145 212.813125610
0.999980271 0.002448527 0.005778473 0.210682869 -0.002455881 0.999996126 0.001265977 -3.160597086 -0.005775351 -0.001280142 0.999982476 213.900070190
0.999980450 0.002296354 0.005798806 0.204443455 -0.002305184 0.999996185 0.001516572 -3.185970783 -0.005795302 -0.001529910 0.999981999 214.970840454
0.999987900 0.001764696 0.004579449 0.203239501 -0.001771359 0.999997377 0.001451477 -3.205395222 -0.004576876 -0.001459572 0.999988437 216.033599854
0.999994397 0.001291432 0.003081141 0.201163381 -0.001298098 0.999996841 0.002162355 -3.226161242 -0.003078338 -0.002166343 0.999992907 217.076950073
0.999999404 0.000434489 0.001035671 0.194391027 -0.000438208 0.999993503 0.003594333 -3.244654179 -0.001034103 -0.003594784 0.999993026 218.117660522
0.999999225 0.000482569 -0.001214436 0.191249907 -0.000476297 0.999986529 0.005159377 -3.260907888 0.001216908 -0.005158794 0.999985874 219.153854370
0.999993861 0.000884509 -0.003368687 0.180001259 -0.000865500 0.999983847 0.005640157 -3.282001495 0.003373621 -0.005637208 0.999978423 220.155273438
0.999981463 0.001002564 -0.006003845 0.168625474 -0.000973083 0.999987483 0.004911183 -3.293319702 0.006008695 -0.004905250 0.999969900 221.148040771
0.999958992 0.001271901 -0.008964088 0.154431581 -0.001224918 0.999985456 0.005244827 -3.312584877 0.008970630 -0.005233632 0.999946058 222.129287720
0.999926388 0.001678305 -0.012018780 0.141202927 -0.001608627 0.999981880 0.005804668 -3.328553200 0.012028302 -0.005784906 0.999911070 223.065048218
0.999887466 0.002118557 -0.014849432 0.119503260 -0.002037730 0.999983072 0.005456164 -3.344785690 0.014860740 -0.005425292 0.999874890 223.995208740
0.999837935 0.002410887 -0.017841721 0.098147869 -0.002324647 0.999985516 0.004852806 -3.357223988 0.017853159 -0.004810544 0.999829054 224.901290894
0.999778926 0.001825434 -0.020948859 0.071938992 -0.001737369 0.999989629 0.004221281 -3.374929428 0.020956347 -0.004183952 0.999771595 225.785812378
0.999705017 0.002931671 -0.024109278 0.045487404 -0.002838466 0.999988377 0.003899278 -3.393350363 0.024120431 -0.003829695 0.999701738 226.627716064
0.999634385 0.003385821 -0.026825113 0.012375832 -0.003300707 0.999989450 0.003216577 -3.408592463 0.026835719 -0.003126860 0.999634981 227.458389282
0.999562263 0.004639823 -0.029218860 -0.020615578 -0.004543401 0.999983966 0.003365547 -3.427920580 0.029234009 -0.003231320 0.999567389 228.278594971
0.999530077 0.005464418 -0.030163778 -0.048253059 -0.005359516 0.999979317 0.003557512 -3.437993050 0.030182593 -0.003394177 0.999538600 229.081329346
0.999543011 0.006207842 -0.029581051 -0.077256680 -0.006070207 0.999970317 0.004740336 -3.453529835 0.029609609 -0.004558607 0.999551177 229.857421875
0.999541998 0.005927717 -0.029674172 -0.098551273 -0.005777696 0.999970138 0.005138806 -3.465770960 0.029703751 -0.004965004 0.999546409 230.617355347
0.999562979 0.005732100 -0.029000077 -0.126008511 -0.005584701 0.999971092 0.005161127 -3.483562946 0.029028824 -0.004996914 0.999566138 231.362060547
0.999577999 0.006559195 -0.028297585 -0.154834747 -0.006477430 0.999974608 0.002980137 -3.492814064 0.028316412 -0.002795584 0.999595046 232.091430664
0.999601781 0.006355321 -0.027495021 -0.175439835 -0.006334475 0.999979615 0.000845157 -3.505546331 0.027499828 -0.000670654 0.999621630 232.821975708
0.999634445 0.006454537 -0.026255295 -0.199063778 -0.006465614 0.999979079 -0.000337087 -3.522858143 0.026252568 0.000506720 0.999655247 233.547256470
0.999668956 0.007296348 -0.024673637 -0.222954750 -0.007320268 0.999972761 -0.000879263 -3.533716440 0.024666550 0.001059590 0.999695182 234.285537720
0.999719918 0.006699989 -0.022698965 -0.243276596 -0.006725526 0.999976873 -0.001048925 -3.547710180 0.022691408 0.001201294 0.999741852 235.005035400
0.999760211 0.006537593 -0.020901797 -0.261252403 -0.006556901 0.999978125 -0.000855377 -3.566231966 0.020895742 0.000992222 0.999781191 235.714096069
0.999794304 0.006730721 -0.019131608 -0.276352406 -0.006754901 0.999976456 -0.001199494 -3.578332424 0.019123085 0.001328479 0.999816239 236.432235718
0.999825895 0.006316699 -0.017558377 -0.282685280 -0.006345345 0.999978602 -0.001576200 -3.592136145 0.017548045 0.001687339 0.999844551 237.139770508
0.999877155 0.006516675 -0.014249926 -0.302719116 -0.006530474 0.999978185 -0.000921987 -3.607911825 0.014243609 0.001014932 0.999898016 237.852325439
0.999924541 0.005294762 -0.011082060 -0.308534861 -0.005296088 0.999985933 -0.000090270 -3.624213934 0.011081423 0.000148955 0.999938548 238.555816650
0.999955118 0.004844616 -0.008131974 -0.318413138 -0.004848047 0.999988317 -0.000402406 -3.632314682 0.008129928 0.000441813 0.999966860 239.245864868
0.999976337 0.004424624 -0.005260390 -0.320214212 -0.004425904 0.999990165 -0.000231834 -3.647568941 0.005259313 0.000255111 0.999986112 239.945281982
0.999988735 0.004275811 -0.002056435 -0.327082485 -0.004277041 0.999990702 -0.000594016 -3.660982370 0.002053877 0.000602805 0.999997735 240.626953125
0.999991834 0.003875901 0.001164811 -0.330771685 -0.003874857 0.999992073 -0.000897797 -3.676002026 -0.001168282 0.000893276 0.999998927 241.319076538
0.999981225 0.004757881 0.003868434 -0.327349961 -0.004750447 0.999986887 -0.001928489 -3.686957121 -0.003877558 0.001910076 0.999990642 242.011428833
0.999961317 0.005113945 0.007155410 -0.326596498 -0.005096101 0.999983847 -0.002509767 -3.699019194 -0.007168130 0.002473206 0.999971211 242.697860718
0.999937415 0.005227217 0.009892326 -0.322933912 -0.005214216 0.999985516 -0.001339544 -3.714531183 -0.009899185 0.001287879 0.999950171 243.403335571
0.999912679 0.005428561 0.012049692 -0.314787388 -0.005422680 0.999985218 -0.000520668 -3.728804588 -0.012052340 0.000455280 0.999927223 244.107604980
0.999883473 0.005195679 0.014358916 -0.307103395 -0.005179420 0.999985933 -0.001169281 -3.739293575 -0.014364788 0.001094774 0.999896169 244.810150146
0.999845028 0.005193269 0.016821954 -0.297334194 -0.005150151 0.999983370 -0.002605594 -3.752639294 -0.016835209 0.002518555 0.999855042 245.521713257
0.999810040 0.005420504 0.018723147 -0.288310051 -0.005325668 0.999972820 -0.005111369 -3.764132738 -0.018750343 0.005010684 0.999811590 246.229431152
0.999802589 0.003998267 0.019460769 -0.271538734 -0.003869929 0.999970555 -0.006627884 -3.778812170 -0.019486697 0.006551265 0.999788582 246.947311401
0.999799788 0.003665859 0.019675259 -0.261215687 -0.003532265 0.999970555 -0.006820410 -3.794509411 -0.019699682 0.006749547 0.999783158 247.666824341
0.999802291 0.003035854 0.019650569 -0.244411469 -0.002889204 0.999967813 -0.007486958 -3.810771465 -0.019672668 0.007428702 0.999778867 248.395980835
0.999793530 0.004721437 0.019766234 -0.232742310 -0.004564680 0.999957800 -0.007968185 -3.825434685 -0.019803021 0.007876311 0.999772906 249.130767822
0.999785602 0.004978164 0.020101536 -0.222169876 -0.004812221 0.999954045 -0.008295180 -3.842822552 -0.020141905 0.008196668 0.999763548 249.865097046
0.999784231 0.003668556 0.020443702 -0.210373402 -0.003459201 0.999941289 -0.010266537 -3.857999802 -0.020480163 0.010193603 0.999738276 250.614089966
0.999781132 0.000203543 0.020920273 -0.195084572 0.000055818 0.999923170 -0.012396222 -3.876815796 -0.020921189 0.012394678 0.999704242 251.366744995
0.999769390 -0.002939502 0.021275003 -0.173624992 0.003223923 0.999905765 -0.013346884 -3.892875671 -0.021233765 0.013412396 0.999684513 252.133773804
0.999761105 -0.000568672 0.021851651 -0.159762859 0.000774404 0.999955475 -0.009407612 -3.908532143 -0.021845328 0.009422287 0.999716878 252.914627075
0.999743104 0.003081217 0.022455489 -0.154579163 -0.003007961 0.999990046 -0.003295312 -3.923030138 -0.022465421 0.003226920 0.999742448 253.694213867
0.999729097 0.002267147 0.023160849 -0.137227535 -0.002273947 0.999997377 0.000267250 -3.941775560 -0.023160184 -0.000319845 0.999731779 254.480300903
0.999674618 0.001076145 0.025482859 -0.116661072 -0.001025654 0.999997497 -0.001994320 -3.954071522 -0.025484946 0.001967535 0.999673247 255.278060913
0.999563634 0.002066263 0.029466491 -0.093741894 -0.001827601 0.999965310 -0.008124049 -3.966098309 -0.029482255 0.008066650 0.999532759 256.074218750
0.999425650 0.004422182 0.033597145 -0.079605103 -0.004025856 0.999921679 -0.011854867 -3.977841377 -0.033646934 0.011712801 0.999365151 256.878875732
0.999311149 0.005976582 0.036623850 -0.051913261 -0.005563607 0.999919891 -0.011367676 -3.997773170 -0.036688861 0.011156086 0.999264419 257.693023682
0.999207020 0.004463030 0.039566297 -0.017922401 -0.004087091 0.999945760 -0.009577299 -4.010824203 -0.039606899 0.009407991 0.999171078 258.538024902
0.999096036 0.001212844 0.042495780 0.020854950 -0.000945226 0.999979556 -0.006317065 -4.030235291 -0.042502582 0.006271184 0.999076724 259.371765137
0.998969853 -0.001385291 0.045359205 0.058053970 0.001609032 0.999986768 -0.004896537 -4.047166824 -0.045351818 0.004964476 0.998958707 260.212005615
0.998816073 -0.000718869 0.048640843 0.092658043 0.000917837 0.999991238 -0.004068353 -4.069186687 -0.048637494 0.004108181 0.998808026 261.057464600
0.998700082 0.001380412 0.050952319 0.134551048 -0.001070735 0.999980688 -0.006104561 -4.085431099 -0.050959766 0.006042069 0.998682439 261.898986816
0.998557508 0.001947364 0.053658508 0.168282509 -0.001516296 0.999966204 -0.008073095 -4.110363960 -0.053672414 0.007980088 0.998526752 262.732696533
0.998430252 0.002728128 0.055941246 0.223093987 -0.002251395 0.999960721 -0.008583275 -4.123804092 -0.055962458 0.008443858 0.998397112 263.596069336
0.998262167 0.003695899 0.058811370 0.265788078 -0.003321807 0.999973655 -0.006457373 -4.144514084 -0.058833681 0.006250793 0.998248160 264.436889648
0.998072922 0.005127096 0.061840493 0.314130783 -0.004847629 0.999977350 -0.004668335 -4.167019367 -0.061863035 0.004359559 0.998075068 265.282287598
0.997885108 0.005471935 0.064771868 0.364532471 -0.005159832 0.999974191 -0.004984816 -4.185786247 -0.064797476 0.004640061 0.997887671 266.147979736
0.997709751 0.005628254 0.067405254 0.417732239 -0.005273909 0.999971390 -0.005433730 -4.204918861 -0.067433901 0.005065798 0.997710884 266.991333008
0.997551084 0.003744908 0.069841526 0.477905273 -0.003361505 0.999978602 -0.005606339 -4.222874165 -0.069861025 0.005357837 0.997542381 267.828308105
0.997425675 0.000985372 0.071701199 0.547622681 -0.000603890 0.999985576 -0.005341943 -4.238587379 -0.071705446 0.005284892 0.997411847 268.710266113
0.997367740 0.000374525 0.072507307 0.610704422 0.000021058 0.999985099 -0.005454936 -4.256203651 -0.072508276 0.005442104 0.997353017 269.558197021
0.997342348 -0.000069642 0.072857581 0.669284821 0.000454906 0.999986053 -0.005271324 -4.277084827 -0.072856195 0.005290459 0.997328520 270.405456543
0.997304916 -0.000362137 0.073367462 0.729381561 0.000756438 0.999985456 -0.005346624 -4.295460224 -0.073364444 0.005387712 0.997290611 271.285705566
0.997321010 -0.000141094 0.073149040 0.787313461 0.000479981 0.999989212 -0.004615269 -4.314693928 -0.073147602 0.004638014 0.997310281 272.148559570
0.997373819 0.000319255 0.072425388 0.847990036 -0.000008714 0.999990880 -0.004288012 -4.331502914 -0.072426103 0.004276120 0.997364640 272.996643066
0.997454643 -0.000174107 0.071303084 0.913076401 0.000534424 0.999987185 -0.005034273 -4.355360985 -0.071301289 0.005059566 0.997441947 273.881500244
0.997564137 -0.000006279 0.069753587 0.968311310 0.000409594 0.999983251 -0.005767698 -4.376338959 -0.069752380 0.005782220 0.997547626 274.734069824
0.997673273 0.000501233 0.068174727 1.023374557 -0.000051343 0.999978364 -0.006600677 -4.394306660 -0.068176553 0.006581820 0.997651577 275.607238770
0.997784555 0.001451524 0.066513337 1.076522827 -0.000979159 0.999974191 -0.007133859 -4.411271095 -0.066521980 0.007052927 0.997760057 276.458099365
0.997889102 0.003177832 0.064862654 1.123762131 -0.002722485 0.999971032 -0.007107375 -4.437360764 -0.064883351 0.006915784 0.997868896 277.317565918
0.998030722 0.003793986 0.062611789 1.173097610 -0.003381527 0.999971867 -0.006692229 -4.454014301 -0.062635407 0.006467327 0.998015523 278.162017822
0.998210013 0.003618200 0.059695888 1.220382690 -0.003320409 0.999981582 -0.005086916 -4.477201939 -0.059713189 0.004879597 0.998203635 279.034729004
0.998451889 0.002374699 0.055570282 1.261410713 -0.002234575 0.999994159 -0.002583552 -4.497322083 -0.055576093 0.002455377 0.998451412 279.873229980
0.998727739 0.000553471 0.050426506 1.304724693 -0.000519673 0.999999583 -0.000683358 -4.519948959 -0.050426871 0.000656284 0.998727560 280.724548340
0.998936117 0.000025097 0.046117745 1.337620735 -0.000050181 0.999999881 0.000542772 -4.533332825 -0.046117734 -0.000544508 0.998935819 281.563903809
0.999141395 0.000341515 0.041429944 1.363525391 -0.000378095 0.999999583 0.000875125 -4.543283939 -0.041429628 -0.000890038 0.999141037 282.381317139
0.999334753 -0.000598516 0.036465231 1.397491455 0.000538584 0.999998510 0.001653334 -4.563548565 -0.036466166 -0.001632594 0.999333560 283.205322266
0.999489307 -0.001017138 0.031938031 1.418958664 0.000970788 0.999998450 0.001466714 -4.574984074 -0.031939469 -0.001434960 0.999488711 284.015167236
0.999608278 -0.001644754 0.027936419 1.431385040 0.001606862 0.999997735 0.001378770 -4.591151237 -0.027938630 -0.001333340 0.999608755 284.790924072
0.999712586 -0.001397200 0.023932539 1.448307514 0.001368640 0.999998271 0.001209684 -4.605893135 -0.023934191 -0.001176581 0.999712825 285.560180664
0.999792218 -0.000840676 0.020365763 1.453260422 0.000819351 0.999999046 0.001055419 -4.618650913 -0.020366631 -0.001038513 0.999792099 286.303161621
