1.000000000 0.000000000 0.000000000 0.000000000 0.000000000 1.000000000 0.000000000 0.000000000 0.000000000 0.000000000 1.000000000 0.000000000
0.999991059 -0.002501804 -0.003409795 -0.002583386 0.002494269 0.999994457 -0.002212189 -0.004432159 0.003415311 0.002203664 0.999991715 0.669332922
0.999971688 -0.001345894 -0.007401755 -0.015992295 0.001319961 0.999992967 -0.003507345 -0.010764775 0.007406424 0.003497476 0.999966443 1.360807180
0.999936104 -0.001330472 -0.011223916 -0.032879755 0.001273592 0.999986291 -0.005073352 -0.012351923 0.011230513 0.005058733 0.999924123 2.072685957
0.999869347 -0.000048773 -0.016156029 -0.043997560 -0.000046940 0.999982417 -0.005923907 -0.011508312 0.016156035 0.005923891 0.999851882 2.809603691
0.999789894 -0.001011558 -0.020472100 -0.064444311 0.000887104 0.999981105 -0.006087376 -0.022318631 0.020477872 0.006067935 0.999771833 3.549479723
0.999689877 0.000911436 -0.024882978 -0.093652733 -0.001097429 0.999971628 -0.007462044 -0.028224604 0.024875471 0.007487037 0.999662459 4.301356316
0.999546111 0.003252505 -0.029949907 -0.119280815 -0.003492148 0.999962270 -0.007952629 -0.037592907 0.029922916 0.008053605 0.999519765 5.080674648
0.999409020 0.003971437 -0.034142643 -0.155162200 -0.004193633 0.999970436 -0.006438724 -0.044943403 0.034116063 0.006578101 0.999396205 5.863467216
0.999249279 0.002865871 -0.038633849 -0.186961561 -0.003015230 0.999988139 -0.003808296 -0.052568592 0.038622484 0.003921926 0.999246180 6.663139343
0.999107957 0.002637151 -0.042146593 -0.222091883 -0.002686848 0.999995708 -0.001122529 -0.060744844 0.042143457 0.001234769 0.999110818 7.473501682
0.998991549 0.004079611 -0.044713371 -0.269305825 -0.004163025 0.999989688 -0.001772570 -0.070738241 0.044705678 0.001956925 0.998998284 8.288942337
0.998894632 0.003699403 -0.046859980 -0.310624242 -0.003784728 0.999991357 -0.001732265 -0.081693374 0.046853166 0.001907702 0.998899937 9.102149010
0.998825312 0.000854726 -0.048449494 -0.353570402 -0.000971703 0.999996722 -0.002390901 -0.086336479 0.048447289 0.002435171 0.998822808 9.937314034
0.998733640 0.000509255 -0.050307922 -0.398604512 -0.000581519 0.999998868 -0.001421811 -0.095213756 0.050307140 0.001449266 0.998732626 10.777070045
0.998636127 -0.001285141 -0.052194502 -0.438346267 0.001195794 0.999997795 -0.001743006 -0.104055583 0.052196626 0.001678215 0.998635411 11.630209923
0.998535812 0.000808193 -0.054088801 -0.491097987 -0.001008024 0.999992847 -0.003667306 -0.117217548 0.054085456 0.003716458 0.998529315 12.487709045
0.998468757 0.001418992 -0.055300768 -0.546085954 -0.001785783 0.999976695 -0.006583801 -0.123907685 0.055290140 0.006672475 0.998448014 13.356786728
0.998354673 0.005648612 -0.057060920 -0.602223396 -0.006123816 0.999947965 -0.008156586 -0.138883799 0.057011887 0.008492596 0.998337328 14.224743843
0.998291016 0.006479640 -0.058077294 -0.660732090 -0.006944559 0.999945402 -0.007806890 -0.151185781 0.058023538 0.008196871 0.998281479 15.113939285
0.998216987 0.005667901 -0.059421089 -0.715519726 -0.006042461 0.999962986 -0.006125702 -0.168095499 0.059384171 0.006473831 0.998214185 16.007884979
0.998131514 0.006369905 -0.060768288 -0.772916794 -0.006664671 0.999966979 -0.004649221 -0.180872768 0.060736671 0.005045535 0.998141050 16.901939392
0.998081923 0.005905047 -0.061624516 -0.832111478 -0.006198771 0.999970376 -0.004576244 -0.194386959 0.061595663 0.004949463 0.998088896 17.807506561
0.997995257 0.005577101 -0.063042365 -0.895110130 -0.005933253 0.999967456 -0.005463594 -0.205858797 0.063009836 0.005826687 0.997995853 18.716840744
0.997915506 0.004468447 -0.064378113 -0.953831315 -0.004875046 0.999969244 -0.006160102 -0.218574077 0.064348593 0.006461109 0.997906566 19.633546829
0.997891068 0.004608108 -0.064746276 -1.017099261 -0.004920058 0.999976993 -0.004659415 -0.227071702 0.064723313 0.004968144 0.997890949 20.557727814
0.997877896 0.005373330 -0.064891800 -1.082599640 -0.005444743 0.999984741 -0.000923700 -0.241599128 0.064885847 0.001275060 0.997891784 21.488128662
0.997920454 0.006508037 -0.064127751 -1.141942501 -0.006332212 0.999975622 0.002944642 -0.255312204 0.064145334 -0.002532449 0.997937381 22.408123016
0.998032928 0.005359996 -0.062461648 -1.203803778 -0.005007070 0.999970615 0.005805450 -0.261009872 0.062490918 -0.005481282 0.998030484 23.344892502
0.998138845 0.005880126 -0.060700227 -1.268102407 -0.005484678 0.999962628 0.006679321 -0.268433869 0.060737237 -0.006333968 0.998133659 24.287118912
0.998220563 0.005909221 -0.059334956 -1.326029301 -0.005679787 0.999975681 0.004034667 -0.275680840 0.059357367 -0.003690478 0.998229921 25.218177795
0.998252749 0.006347542 -0.058745280 -1.376632094 -0.006412094 0.999979019 -0.000910430 -0.283348739 0.058738265 0.001285520 0.998272598 26.171796799
0.998346448 0.005404492 -0.057227831 -1.439509153 -0.005636829 0.999976456 -0.003899210 -0.290001899 0.057205401 0.004215346 0.998353541 27.119838715
0.998394012 0.002961526 -0.056572594 -1.494863510 -0.003113725 0.999991715 -0.002602380 -0.301831484 0.056564413 0.002774352 0.998395145 28.085340500
0.998370349 0.000999166 -0.057057891 -1.542494893 -0.000858944 0.999996543 0.002482011 -0.314150691 0.057060167 -0.002428957 0.998367786 29.050552368
0.998351812 -0.002436253 -0.057337765 -1.610446692 0.002771075 0.999979556 0.005760685 -0.320677578 0.057322565 -0.005910079 0.998338223 30.034151077
0.998254418 -0.009782700 -0.058244139 -1.660741687 0.010092508 0.999936461 0.005027368 -0.324691713 0.058191262 -0.005606423 0.998289704 31.008546829
0.998134077 -0.011960664 -0.059878081 -1.713679790 0.012056701 0.999926567 0.001242828 -0.330921441 0.059858821 -0.001962442 0.998204887 31.980354309
0.998059213 -0.012164031 -0.061074026 -1.779249430 0.012027583 0.999924242 -0.002601273 -0.340327680 0.061101045 0.001861651 0.998129785 32.951644897
0.997960448 -0.010400848 -0.062983081 -1.849439144 0.010194892 0.999941587 -0.003590486 -0.347508252 0.063016757 0.002941058 0.998008072 33.932762146
0.997906566 -0.010699823 -0.063781142 -1.913831949 0.010579073 0.999941528 -0.002230625 -0.358945101 0.063801274 0.001551210 0.997961402 34.925159454
0.997838795 -0.007324436 -0.065300100 -1.981408715 0.007393900 0.999972343 0.000822157 -0.378775150 0.065292269 -0.001303202 0.997865319 35.924793243
0.997758567 -0.007217986 -0.066527151 -2.051407337 0.007390729 0.999969959 0.002350817 -0.392065018 0.066508196 -0.002837232 0.997781873 36.910018921
0.997690976 -0.005986303 -0.067653984 -2.119962931 0.006347842 0.999966681 0.005130218 -0.402736545 0.067621022 -0.005547828 0.997695625 37.913021088
0.997706175 -0.006509157 -0.067378610 -2.184605122 0.007068186 0.999942541 0.008061769 -0.409535795 0.067322262 -0.008519523 0.997694850 38.915130615
0.997668624 -0.000717155 -0.068240613 -2.257828236 0.001436944 0.999943852 0.010499323 -0.413566500 0.068229228 -0.010572903 0.997613728 39.895225525
0.997685015 -0.000300423 -0.068003006 -2.341142416 0.000956214 0.999953389 0.009611223 -0.416876137 0.067996956 -0.009653999 0.997638822 40.883037567
0.997677267 -0.000786345 -0.068112932 -2.402266264 0.001333051 0.999967277 0.007981380 -0.417275161 0.068104431 -0.008053638 0.997645676 41.887859344
0.997697890 0.001533803 -0.067798428 -2.485839128 -0.001142783 0.999982417 0.005805790 -0.422520339 0.067806147 -0.005714945 0.997682095 42.875240326
0.997628570 0.001458487 -0.068811439 -2.559737682 -0.001074003 0.999983609 0.005624174 -0.426646292 0.068818510 -0.005536932 0.997613788 43.863239288
0.997530699 -0.000826309 -0.070226662 -2.621190310 0.001326733 0.999974072 0.007079489 -0.437173426 0.070218988 -0.007155178 0.997505963 44.857608795
0.997468710 -0.000521279 -0.071104459 -2.691038609 0.001129440 0.999963164 0.008513127 -0.448224843 0.071097396 -0.008571886 0.997432590 45.839076996
0.997470975 0.002198414 -0.071041167 -2.775817633 -0.001872827 0.999987483 0.004649358 -0.455273390 0.071050495 -0.004504551 0.997462571 46.820045471
0.997379184 0.002622713 -0.072304182 -2.841411352 -0.002587534 0.999996483 0.000580209 -0.464403689 0.072305448 -0.000391599 0.997382462 47.785335541
0.997328103 0.003418725 -0.072972611 -2.919707775 -0.003469202 0.999993861 -0.000565001 -0.473564029 0.072970234 0.000816649 0.997333765 48.756362915
0.997333705 0.002315047 -0.072939292 -2.996720791 -0.002099900 0.999993265 0.003026222 -0.487421811 0.072945796 -0.002864988 0.997331738 49.730934143
0.997320414 0.000593980 -0.073155180 -3.060438395 -0.000161876 0.999982476 0.005912477 -0.495392531 0.073157407 -0.005884791 0.997303009 50.683689117
0.997308552 -0.000978254 -0.073312365 -3.133566856 0.001464563 0.999977291 0.006579919 -0.504637003 0.073304258 -0.006669579 0.997287333 51.645591736
0.997277141 -0.004045485 -0.073633559 -3.204460859 0.004449633 0.999975979 0.005325433 -0.512825429 0.073610246 -0.005638574 0.997271240 52.605396271
0.997232676 -0.006829231 -0.074029744 -3.272465944 0.007166176 0.999965191 0.004286816 -0.527497709 0.073997878 -0.004805462 0.997246861 53.549434662
0.997137189 -0.008790699 -0.075100750 -3.336277723 0.009230717 0.999942124 0.005513917 -0.532946587 0.075047925 -0.006191365 0.997160733 54.492324829
0.997042954 -0.012104174 -0.075886630 -3.410635948 0.012870901 0.999870837 0.009622639 -0.537638962 0.075760357 -0.010570914 0.997070014 55.440311432
0.996973157 -0.012865323 -0.076674737 -3.481464863 0.014039145 0.999792039 0.014789782 -0.543415904 0.076468512 -0.015821462 0.996946514 56.393196106
0.996933639 -0.011139033 -0.077454567 -3.558186531 0.012482154 0.999779522 0.016878255 -0.542639613 0.077249527 -0.017793300 0.996852994 57.337722778
0.996835113 -0.010044958 -0.078859471 -3.627960682 0.011095502 0.999855280 0.012894877 -0.545968652 0.078718528 -0.013729051 0.996802330 58.263996124
0.996762156 -0.008098186 -0.079996899 -3.709050655 0.008512870 0.999952018 0.004844062 -0.547088087 0.079953827 -0.005509380 0.996783376 59.177753448
0.996722877 -0.006586544 -0.080623105 -3.794867516 0.006612365 0.999978185 0.000053287 -0.554573536 0.080620982 -0.000586224 0.996744633 60.090782166
0.996666372 -0.001965806 -0.081560902 -3.878925562 0.002043678 0.999997437 0.000871315 -0.562968612 0.081558987 -0.001035096 0.996667922 60.986103058
0.996531248 0.000319631 -0.083219104 -3.951333284 -0.000020966 0.999993503 0.003589737 -0.575923026 0.083219722 -0.003575540 0.996524930 61.903438568
0.996426404 0.002918174 -0.084416375 -4.027717113 -0.002519914 0.999985218 0.004823972 -0.586924076 0.084429212 -0.004594011 0.996418893 62.791793823
0.996323228 0.003407496 -0.085606776 -4.107474327 -0.003005296 0.999983788 0.004826660 -0.596889138 0.085621834 -0.004551639 0.996317387 63.671634674
0.996172547 0.005656304 -0.087224670 -4.193096161 -0.005158216 0.999969065 0.005934745 -0.611284614 0.087255530 -0.005462106 0.996171057 64.526214600
0.996087730 0.005860316 -0.088175364 -4.276126862 -0.005328760 0.999966204 0.006262578 -0.614530504 0.088209063 -0.005768210 0.996085286 65.373008728
0.995954394 0.005884546 -0.089667380 -4.351872921 -0.005306343 0.999963582 0.006685328 -0.621934772 0.089703448 -0.006182476 0.995949328 66.196128845
0.995850801 0.006114157 -0.090795912 -4.429318428 -0.005415626 0.999953806 0.007937798 -0.632443488 0.090840235 -0.007413145 0.995837867 67.013801575
0.995696545 0.008735657 -0.092260733 -4.510197639 -0.007781913 0.999912560 0.010692181 -0.639292359 0.092346072 -0.009928203 0.995677412 67.821342468
0.995564222 0.009578519 -0.093594909 -4.589450836 -0.008215029 0.999854624 0.014942428 -0.645345926 0.093724422 -0.014107263 0.995498240 68.614929199
0.995389938 0.012555800 -0.095084444 -4.670933247 -0.011034969 0.999803007 0.016503494 -0.645261645 0.095272914 -0.015378159 0.995332420 69.388084412
0.995232880 0.015629707 -0.096266545 -4.755164623 -0.014516410 0.999819577 0.012254269 -0.651698530 0.096440703 -0.010798407 0.995280206 70.134590149
0.995086253 0.015918041 -0.097724073 -4.831198692 -0.015484926 0.999866664 0.005188876 -0.663761795 0.097793646 -0.003650127 0.995200098 70.861671448
0.994933546 0.014768521 -0.099443443 -4.895891190 -0.014899355 0.999888837 -0.000573102 -0.669221163 0.099423915 0.002051841 0.995043039 71.577049255
0.994897366 0.015406941 -0.099708810 -4.972154617 -0.015653258 0.999876022 -0.001688447 -0.675369263 0.099670433 0.003240599 0.995015204 72.273666382
0.994781673 0.018125951 -0.100403413 -5.049560547 -0.018024167 0.999835730 0.001920859 -0.685762286 0.100421734 -0.000101147 0.994944930 72.946250916
0.994630158 0.018747004 -0.101781078 -5.123566628 -0.018418785 0.999821663 0.004163661 -0.701034069 0.101840988 -0.002266619 0.994798124 73.606811523
0.994602084 0.015712677 -0.102565914 -5.194186211 -0.015678143 0.999876440 0.001142914 -0.714424789 0.102571204 0.000471297 0.994725585 74.238288879
0.994663000 0.007385671 -0.102911927 -5.240777016 -0.007858334 0.999960363 -0.004188181 -0.725020289 0.102876909 0.004974546 0.994681597 74.854927063
0.994785130 0.003389325 -0.101936787 -5.292798519 -0.004337154 0.999949396 -0.009077998 -0.732508183 0.101900853 0.009472774 0.994749486 75.446830750
0.995108426 0.005781350 -0.098620489 -5.358117580 -0.006721453 0.999935091 -0.009202941 -0.748597145 0.098560870 0.009820797 0.995082498 76.032119751
0.995463789 0.010671579 -0.094540603 -5.421893597 -0.011307647 0.999916911 -0.006194810 -0.759536564 0.094466634 0.007235741 0.995501637 76.606529236
0.995901585 0.009143437 -0.089978918 -5.469609261 -0.009472186 0.999949932 -0.003227278 -0.767106295 0.089944892 0.004066351 0.995938420 77.163177490
0.996428668 0.005540119 -0.084256664 -5.506040573 -0.005463718 0.999984503 0.001137328 -0.780319989 0.084261656 -0.000672912 0.996443450 77.705787659
0.997112215 0.001150798 -0.075932533 -5.535942078 -0.000796544 0.999988616 0.004695497 -0.793032885 0.075937063 -0.004621455 0.997101903 78.233581543
0.997856736 0.004693062 -0.065266758 -5.567898750 -0.004396404 0.999979317 0.004688192 -0.803219557 0.065287419 -0.004391206 0.997856796 78.748008728
0.998701215 0.009826074 -0.049992189 -5.599120140 -0.009650535 0.999946415 0.003751501 -0.804492295 0.050026361 -0.003264177 0.998742580 79.261062622
0.999376357 0.015042365 -0.031946771 -5.612718582 -0.014903268 0.999878407 0.004587747 -0.811657488 0.032011896 -0.004108775 0.999478996 79.746109009
0.999862075 0.013437634 -0.009765193 -5.604073048 -0.013388803 0.999897659 0.005048978 -0.816167831 0.009832039 -0.004917538 0.999939561 80.226379395
0.999816537 0.009925925 0.016383186 -5.574656963 -0.010027393 0.999930978 0.006123058 -0.823174834 -0.016321279 -0.006286216 0.999847054 80.688301086
0.998898864 0.008845593 0.046073481 -5.533597946 -0.009211234 0.999927700 0.007729784 -0.829666436 -0.046001773 -0.008145667 0.998908162 81.146507263
0.996839702 0.008367232 0.078997612 -5.477477551 -0.009117663 0.999916613 0.009143513 -0.835686922 -0.078914523 -0.009834891 0.996832848 81.593811035
0.993162096 0.008619688 0.116424628 -5.398510933 -0.009795642 0.999906540 0.009532180 -0.837246001 -0.116331592 -0.010607455 0.993153811 82.036506653
