1.000000000 -0.000000000 0.000000000 0.000001907 -0.000000000 1.000000000 -0.000000000 0.000000238 0.000000000 -0.000000000 1.000000000 0.000000477
0.999996364 -0.002298327 -0.001410383 -0.002373894 0.002302429 0.999993086 0.002913892 -0.017509567 0.001403676 -0.002917129 0.999994755 1.527078748
0.999992907 -0.002775681 -0.002557239 -0.020428868 0.002785667 0.999988496 0.003909708 -0.036959361 0.002546358 -0.003916804 0.999989092 3.025907755
0.999991596 -0.001419743 -0.003836289 -0.034847900 0.001433901 0.999992132 0.003690425 -0.054560468 0.003831022 -0.003695895 0.999985814 4.551378250
0.999984920 -0.000891463 -0.005411287 -0.049932860 0.000910501 0.999993384 0.003516865 -0.068436742 0.005408118 -0.003521740 0.999979138 6.058195591
0.999975324 -0.000846993 -0.006974258 -0.065479159 0.000872478 0.999992907 0.003651894 -0.081233285 0.006971116 -0.003657889 0.999969006 7.558742523
0.999962449 -0.001196965 -0.008576563 -0.083214059 0.001232585 0.999990582 0.004149047 -0.098837942 0.008571517 -0.004159462 0.999954641 9.074962616
0.999940991 -0.003187743 -0.010371634 -0.100074783 0.003221342 0.999989569 0.003224302 -0.111109123 0.010361249 -0.003257522 0.999941051 10.577066422
0.999920309 -0.004410176 -0.011830236 -0.119466953 0.004452418 0.999983788 0.003546743 -0.127927944 0.011814405 -0.003599134 0.999923706 12.065616608
0.999906003 -0.004082753 -0.013088677 -0.146757796 0.004128936 0.999985278 0.003503334 -0.141391635 0.013074184 -0.003557047 0.999908209 13.563903809
0.999888837 -0.004008407 -0.014361979 -0.165964648 0.004059469 0.999985516 0.003527972 -0.156865031 0.014347629 -0.003585883 0.999890566 15.041490555
0.999883533 -0.002442088 -0.015068925 -0.195618927 0.002503125 0.999988735 0.004032988 -0.172141671 0.015058905 -0.004070238 0.999878287 16.518558502
0.999875546 -0.001256010 -0.015727755 -0.221790001 0.001332847 0.999987125 0.004875884 -0.189013377 0.015721433 -0.004896240 0.999864459 17.996835709
0.999866664 -0.000139507 -0.016331673 -0.254889637 0.000232202 0.999983847 0.005674052 -0.199586540 0.016330620 -0.005677088 0.999850571 19.466201782
0.999858260 -0.000400027 -0.016831903 -0.281948566 0.000496420 0.999983430 0.005723034 -0.216516972 0.016829338 -0.005730579 0.999841928 20.930110931
0.999848604 0.000436837 -0.017395591 -0.316162944 -0.000337049 0.999983430 0.005738890 -0.225919291 0.017397813 -0.005732159 0.999832213 22.382020950
0.999845564 0.000471255 -0.017568147 -0.345034033 -0.000362525 0.999980688 0.006191728 -0.239518240 0.017570734 -0.006184404 0.999826491 23.846712112
0.999846518 0.001803844 -0.017422039 -0.372067362 -0.001673348 0.999970376 0.007501947 -0.251410246 0.017435059 -0.007471642 0.999820173 25.292057037
0.999845207 0.002127119 -0.017460717 -0.405340910 -0.002015122 0.999977291 0.006429247 -0.266458273 0.017474003 -0.006393068 0.999826908 26.725028992
0.999843836 0.002387227 -0.017507439 -0.436452150 -0.002317812 0.999989331 0.003984096 -0.274046421 0.017516769 -0.003942896 0.999838829 28.172456741
0.999855638 0.000636931 -0.016973041 -0.469269544 -0.000570785 0.999992192 0.003901671 -0.287490904 0.016975395 -0.003891421 0.999848306 29.606008530
0.999855280 -0.000117444 -0.017010318 -0.496854067 0.000233868 0.999976516 0.006842494 -0.304545134 0.017009119 -0.006845483 0.999831855 31.015602112
0.999857187 -0.001996828 -0.016776003 -0.535730183 0.002130982 0.999965787 0.007982652 -0.315490693 0.016759492 -0.008017261 0.999827385 32.400245667
0.999864757 -0.002323103 -0.016280884 -0.555565774 0.002442316 0.999970257 0.007306257 -0.328002214 0.016263429 -0.007345031 0.999840796 33.839862823
0.999867797 -0.002658580 -0.016036792 -0.583862543 0.002746712 0.999981165 0.005476105 -0.340308785 0.016021937 -0.005519430 0.999856412 35.215721130
0.999874473 -0.001923854 -0.015722273 -0.613213360 0.001999231 0.999986589 0.004779974 -0.357910573 0.015712870 -0.004810807 0.999864936 36.582939148
0.999892175 -0.000460784 -0.014677384 -0.636943996 0.000516405 0.999992669 0.003785955 -0.371613503 0.014675533 -0.003793127 0.999885082 37.947219849
0.999910057 0.000157199 -0.013414020 -0.663811088 -0.000091371 0.999987960 0.004907803 -0.387687266 0.013414629 -0.004906136 0.999897957 39.286884308
0.999927819 0.000022142 -0.012007557 -0.679500222 0.000063867 0.999974370 0.007162465 -0.408778697 0.012007408 -0.007162716 0.999902248 40.603752136
0.999947369 -0.000212620 -0.010255271 -0.705139339 0.000293617 0.999968767 0.007897295 -0.419095427 0.010253275 -0.007899890 0.999916196 41.921337128
0.999967992 0.000414964 -0.007983334 -0.727014780 -0.000346141 0.999962747 0.008620155 -0.432217151 0.007986616 -0.008617116 0.999930918 43.202228546
0.999990165 0.000347114 -0.004418472 -0.743048728 -0.000312521 0.999969363 0.007827360 -0.438950747 0.004421057 -0.007825904 0.999959588 44.491683960
0.999999583 -0.000630171 -0.000698571 -0.754456282 0.000634530 0.999980211 0.006257553 -0.457247168 0.000694618 -0.006257994 0.999980211 45.714797974
0.999995053 -0.000841296 0.003016512 -0.763356566 0.000827988 0.999989986 0.004410533 -0.468355596 -0.003020192 -0.004408014 0.999985695 46.979335785
0.999975801 -0.000686589 0.006914235 -0.758299828 0.000650065 0.999985814 0.005283342 -0.484940290 -0.006917764 -0.005278718 0.999962151 48.192226410
0.999920607 -0.000073323 0.012601709 -0.757673621 0.000007791 0.999986470 0.005200289 -0.499945611 -0.012601921 -0.005199777 0.999907076 49.419376373
0.999810934 0.001970215 0.019343043 -0.745920658 -0.002052063 0.999988914 0.004212478 -0.509747446 -0.019334532 -0.004251374 0.999804020 50.636455536
0.999634087 0.003003992 0.026879935 -0.728112936 -0.003111820 0.999987304 0.003970503 -0.520640671 -0.026867667 -0.004052697 0.999630690 51.821968079
0.999383330 0.004060526 0.034877066 -0.690936208 -0.004236378 0.999978662 0.004969627 -0.532413125 -0.034856141 -0.005114314 0.999379218 53.004234314
0.998938859 0.006501616 0.045593731 -0.652064085 -0.006768021 0.999960959 0.005691085 -0.546678901 -0.045554943 -0.005993624 0.998943865 54.175189972
0.998239338 0.008445338 0.058707450 -0.596399069 -0.008788784 0.999945760 0.005594372 -0.557014406 -0.058657013 -0.006100490 0.998259485 55.322589874
0.997236490 0.010837751 0.073497839 -0.519712925 -0.011300392 0.999918818 0.005881725 -0.569890738 -0.073428154 -0.006696026 0.997278035 56.473709106
0.995900273 0.012907983 0.089533448 -0.428955555 -0.013610590 0.999881089 0.007241318 -0.580826521 -0.089429341 -0.008430234 0.995957494 57.594116211
0.994116426 0.013119400 0.107519150 -0.320736408 -0.014077403 0.999867678 0.008155880 -0.591693044 -0.107397914 -0.009621484 0.994169593 58.715831757
0.991838753 0.013051529 0.126828253 -0.191648006 -0.014078003 0.999874949 0.007200386 -0.603800952 -0.126718387 -0.008927113 0.991898537 59.814998627
0.989083409 0.012201806 0.146849513 -0.036444664 -0.013237462 0.999893904 0.006077272 -0.609846592 -0.146759778 -0.007954848 0.989140153 60.896022797
0.985754967 0.009405838 0.167923838 0.139693260 -0.010545762 0.999926925 0.005897834 -0.620380044 -0.167856097 -0.007584706 0.985782266 61.959236145
0.981899023 0.004217029 0.189357758 0.345711708 -0.005886488 0.999948680 0.008254882 -0.634993374 -0.189313203 -0.009220114 0.981873512 63.003730774
0.977153540 -0.001373330 0.212530166 0.571996689 -0.000677899 0.999953866 0.009578303 -0.641912103 -0.212533489 -0.009503547 0.977107584 64.017349243
0.971688211 -0.006469300 0.236178234 0.823943138 0.004472813 0.999949634 0.008988101 -0.649407029 -0.236224443 -0.007677252 0.971668243 65.030838013
0.965144753 -0.012456926 0.261419863 1.095072746 0.011005597 0.999914765 0.007015033 -0.655560195 -0.261484951 -0.003893440 0.965199709 66.020431519
0.957593918 -0.015981758 0.287677646 1.395606995 0.014297400 0.999866128 0.007955147 -0.665664792 -0.287766278 -0.003504758 0.957694292 66.993598938
0.948902547 -0.018437790 0.315030009 1.707586288 0.015984802 0.999818563 0.010368605 -0.671659529 -0.315164000 -0.004803103 0.949025095 67.955482483
0.939286768 -0.022748278 0.342378050 2.054903030 0.019432899 0.999725223 0.013111121 -0.673877835 -0.342582196 -0.005661705 0.939470828 68.891212463
0.928380907 -0.025807213 0.370732605 2.426839828 0.022683086 0.999660909 0.012785267 -0.680785120 -0.370936871 -0.003460237 0.928651750 69.804595947
0.916064203 -0.025128214 0.400243372 2.811801910 0.023524899 0.999683440 0.008919420 -0.685167730 -0.400340796 0.001244923 0.916365504 70.704277039
0.903024375 -0.026407933 0.428776741 3.223758698 0.027543105 0.999614239 0.003558147 -0.687433362 -0.428705424 0.008596751 0.903403461 71.554718018
0.888800085 -0.028106619 0.457432270 3.667673111 0.031107251 0.999515474 0.000972549 -0.692370772 -0.457238078 0.013365062 0.889244020 72.403076172
0.873192012 -0.028931217 0.486516774 4.137195587 0.030800233 0.999516904 0.004157566 -0.700438201 -0.486402035 0.011354478 0.873661399 73.239753723
0.855259061 -0.028040480 0.517441213 4.632795334 0.026616588 0.999593854 0.010175087 -0.711379945 -0.517516494 0.005070186 0.855658174 74.068717957
0.835596502 -0.028204508 0.548618913 5.148183823 0.024639977 0.999600232 0.013860538 -0.721191227 -0.548790574 0.001936138 0.835957646 74.864860535
0.814485252 -0.021972483 0.579768002 5.687801361 0.020523962 0.999748230 0.009056191 -0.724122405 -0.579821229 0.004523001 0.814731240 75.630851746
0.792462170 -0.015158251 0.609732628 6.250911713 0.017782560 0.999840379 0.001744743 -0.727541447 -0.609661877 0.009459966 0.792605221 76.370925903
0.769834399 -0.012679758 0.638117611 6.855335236 0.016811520 0.999858618 -0.000413913 -0.730968654 -0.638022304 0.011046372 0.769938767 77.105468750
0.746411800 -0.015027419 0.665314555 7.459659576 0.017635858 0.999840498 0.002797791 -0.741481543 -0.665250599 0.009645089 0.746557832 77.793426514
0.721966147 -0.015489665 0.691754937 8.095474243 0.018169433 0.999828994 0.003425062 -0.753716350 -0.691689849 0.010096016 0.722124100 78.451240540
0.696572304 -0.013470812 0.717360020 8.751895905 0.018605258 0.999826610 0.000708946 -0.765203476 -0.717245281 0.012852837 0.696702242 79.086730957
0.670397103 -0.010993924 0.741921008 9.436668396 0.018291233 0.999831200 -0.001712208 -0.776835084 -0.741776943 0.014718507 0.670485079 79.701324463
0.643148422 -0.008233757 0.765697181 10.128498077 0.016266882 0.999863446 -0.002911577 -0.783633232 -0.765568614 0.014328081 0.643194497 80.289993286
0.615447640 -0.006990298 0.788146675 10.853111267 0.016444193 0.999856770 -0.003972920 -0.800769210 -0.788006186 0.015405563 0.615474522 80.842254639
0.586079121 -0.000376557 0.810253680 11.591159821 0.014790785 0.999838173 -0.010233923 -0.816110313 -0.810118794 0.017982176 0.585989952 81.404632568
0.556189001 0.008836670 0.831008792 12.350006104 0.013737527 0.999709010 -0.019825008 -0.834974110 -0.830942333 0.022442456 0.555905879 81.908599854
0.525147080 0.017479310 0.850831747 13.131378174 0.012641642 0.999518454 -0.028336519 -0.852905035 -0.850917578 0.025636755 0.524673343 82.396362305
0.493075579 0.022399815 0.869697988 13.939476013 0.009926686 0.999458492 -0.031369839 -0.884452343 -0.869929790 0.024100928 0.492586195 82.874900818
0.460796326 0.021951625 0.887234390 14.772373199 0.008030675 0.999549985 -0.028901326 -0.915329874 -0.887469530 0.020442719 0.460412711 83.305633545
0.427884310 0.020471610 0.903601646 15.622173309 0.003539300 0.999697924 -0.024324693 -0.952727854 -0.903826475 0.013606275 0.427682638 83.706886292
0.392456442 0.021985073 0.919507742 16.477779388 -0.000951814 0.999723554 -0.023496749 -0.985511005 -0.919770122 0.008346252 0.392368823 84.110488892
0.356901199 0.025160244 0.933803201 17.353511810 -0.008258582 0.999683142 -0.023778854 -1.011583924 -0.934105635 0.000774813 0.356995910 84.463867188
0.321273267 0.027288089 0.946593285 18.246700287 -0.013381995 0.999615729 -0.024274761 -1.040245295 -0.946892023 -0.004868475 0.321514964 84.769897461
0.284980357 0.026294047 0.958172560 19.175067902 -0.015350871 0.999620557 -0.022865796 -1.069800377 -0.958410442 -0.008192484 0.285275877 85.066917419
0.248416945 0.025727928 0.968311429 20.106191635 -0.016124705 0.999618471 -0.022423021 -1.101386547 -0.968519032 -0.010043480 0.248737037 85.310829163
0.213148013 0.025251988 0.976693451 21.058176041 -0.015314437 0.999629498 -0.022502856 -1.131471992 -0.976899862 -0.010161073 0.213455766 85.504524231
0.177652225 0.024103146 0.983798087 22.021524429 -0.012987921 0.999670327 -0.022146687 -1.155264258 -0.984007657 -0.008843086 0.177906707 85.684753418
0.143332392 0.023357812 0.989398897 22.985435486 -0.004798477 0.999726057 -0.022906467 -1.183890581 -0.989663005 -0.001464368 0.143405244 85.810699463
0.109610997 0.026355239 0.993625104 23.943098068 -0.002239715 0.999652386 -0.026268035 -1.220573902 -0.993972123 0.000653828 0.109631933 85.908943176
0.076894164 0.031374261 0.996545434 24.916580200 -0.001783561 0.999507487 -0.031329885 -1.256764889 -0.997037649 0.000631685 0.076912254 85.986938477
0.047965713 0.035326190 0.998224080 25.892246246 0.005252443 0.999351561 -0.035618473 -1.291830778 -0.998835087 0.006951580 0.047749072 86.022010803
0.022745535 0.033606682 0.999176145 26.881397247 0.007054949 0.999404550 -0.033774950 -1.331402540 -0.999716401 0.007817368 0.022494894 86.035545349
0.000096440 0.030548716 0.999533176 27.876974106 0.008549064 0.999496698 -0.030548420 -1.369628906 -0.999963462 0.008548019 -0.000164771 86.041252136
-0.018649045 0.028148353 0.999429762 28.864990234 0.008971933 0.999568045 -0.027984835 -1.406222224 -0.999785781 0.008444926 -0.018893538 86.020896912
-0.035445783 0.031126970 0.998886764 29.849029541 0.010910869 0.999467254 -0.030757885 -1.448920965 -0.999311984 0.009808484 -0.035766520 85.987686157
-0.050014261 0.035503261 0.998117268 30.862789154 0.013476640 0.999300957 -0.034870081 -1.484420776 -0.998657584 0.011707267 -0.050457757 85.931999207
-0.061805293 0.040652148 0.997260094 31.853694916 0.017719690 0.999057353 -0.039627239 -1.527278781 -0.997930944 0.015221966 -0.062467378 85.862747192
-0.070400834 0.044080973 0.996544302 32.864891052 0.023236893 0.998824477 -0.042540267 -1.573718071 -0.997248113 0.020161724 -0.071342364 85.778190613
-0.076440774 0.049264558 0.995856285 33.860473633 0.026743021 0.998520613 -0.047343601 -1.629055858 -0.996715426 0.023013225 -0.077645168 85.697639465
-0.079935633 0.054124512 0.995329440 34.890975952 0.028980400 0.998228848 -0.051954735 -1.683725715 -0.996378660 0.024692012 -0.081362613 85.609291077
-0.082386337 0.058510762 0.994881332 35.898014069 0.031221671 0.997936547 -0.056104977 -1.739864945 -0.996111274 0.026439577 -0.084043153 85.517425537
-0.085256964 0.060806125 0.994501770 36.900493622 0.032100912 0.997785509 -0.058254946 -1.811503887 -0.995841742 0.026957773 -0.087020114 85.432907104
-0.087890938 0.064233266 0.994056940 37.904964447 0.032994781 0.997559011 -0.061542284 -1.880520821 -0.995583475 0.027389685 -0.089795776 85.345687866
-0.089768372 0.068170950 0.993626773 38.947322845 0.033321626 0.997301757 -0.065412663 -1.949479342 -0.995405078 0.027237274 -0.091797732 85.242317200
-0.092213735 0.069442376 0.993314743 39.961917877 0.036128700 0.997141659 -0.066355921 -2.022723913 -0.995083630 0.029768245 -0.094459042 85.142967224
-0.094218858 0.068567507 0.993187368 40.987068176 0.036202334 0.997201502 -0.065410301 -2.093194246 -0.994893014 0.029792823 -0.096437506 85.053291321
-0.096266165 0.067830913 0.993041635 42.021595001 0.035647541 0.997270167 -0.064664058 -2.171836138 -0.994717062 0.029174527 -0.098421402 84.943069458
-0.098456241 0.069158927 0.992735267 43.041896820 0.036156766 0.997172058 -0.065882094 -2.248809099 -0.994484305 0.029407594 -0.100678384 84.840438843
-0.101117432 0.071330056 0.992314100 44.061012268 0.035145503 0.997059882 -0.068089865 -2.321789265 -0.994253516 0.027990302 -0.103327073 84.744354248
-0.104050457 0.073244549 0.991871178 45.087909698 0.032648753 0.996998608 -0.070198216 -2.397462368 -0.994035959 0.025079204 -0.106129512 84.646171570
-0.106112398 0.077114992 0.991359353 46.127906799 0.030254645 0.996777058 -0.074298039 -2.478155851 -0.993893683 0.022109285 -0.108103499 84.531333923
-0.108063661 0.081264831 0.990816951 47.191608429 0.027395986 0.996518195 -0.078744516 -2.563569784 -0.993766427 0.018634986 -0.109913751 84.410362244
-0.110904291 0.083732255 0.990297437 48.228340149 0.025121275 0.996362150 -0.081431702 -2.647615671 -0.993513465 0.015846414 -0.112604327 84.300468445
-0.113828458 0.082186051 0.990095139 49.282867432 0.022929579 0.996524274 -0.080083571 -2.736531496 -0.993235707 0.013586677 -0.115317337 84.186019897
-0.116790727 0.077716939 0.990111113 50.342945099 0.019786697 0.996917665 -0.075917229 -2.829717636 -0.992959440 0.010724602 -0.117968515 84.063255310
-0.119188078 0.076081395 0.989952385 51.386653900 0.020730156 0.997033119 -0.074129716 -2.914952755 -0.992655337 0.011686489 -0.120411649 83.950424194
-0.121643230 0.076303974 0.989636540 52.434226990 0.019735804 0.997029603 -0.074448146 -2.999840736 -0.992377579 0.010475165 -0.122787818 83.835060120
-0.122693390 0.079075374 0.989289343 53.493598938 0.021175368 0.996802390 -0.077049717 -3.086555243 -0.992218673 0.011495075 -0.123975523 83.702110291
-0.123152278 0.082218722 0.988976002 54.582695007 0.022143150 0.996541619 -0.080090307 -3.171787262 -0.992140651 0.012035741 -0.124546967 83.556228638
-0.123075023 0.083124794 0.988909841 55.642799377 0.020346519 0.996487677 -0.081229530 -3.257436752 -0.992188632 0.010123550 -0.124334060 83.416748047
-0.123273142 0.082011588 0.988978148 56.706790924 0.017501224 0.996603966 -0.080462486 -3.347892046 -0.992218375 0.007389467 -0.124289803 83.293457031
-0.123562843 0.081272312 0.989003003 57.772880554 0.013790353 0.996684849 -0.080180660 -3.442662239 -0.992240846 0.003731353 -0.124274001 83.169502258
-0.123295367 0.082637310 0.988923252 58.850097656 0.009833155 0.996579528 -0.082051128 -3.530154705 -0.992321134 -0.000392285 -0.123686239 83.035179138
-0.123479806 0.082546532 0.988907933 59.918376923 0.005828376 0.996577322 -0.082458973 -3.621429443 -0.992330015 -0.004418291 -0.123538300 82.909149170
-0.123895332 0.082008436 0.988900602 60.991706848 0.002162691 0.996598959 -0.082375877 -3.714700699 -0.992292941 -0.008067304 -0.123651333 82.786567688
-0.123996571 0.076700829 0.989313781 62.075759888 0.002695507 0.997030437 -0.076961242 -3.808152914 -0.992278993 -0.006876230 -0.123835102 82.656112671
-0.124463931 0.067986302 0.989892066 63.168930054 0.005983726 0.997683048 -0.067769013 -3.895497799 -0.992206156 -0.002511554 -0.124582380 82.523223877
-0.124232091 0.062628865 0.990274668 64.280555725 0.011484457 0.998029947 -0.061678573 -3.979547262 -0.992186725 0.003710311 -0.124706574 82.375320435
-0.123633333 0.065267421 0.990179241 65.373542786 0.019725729 0.997799039 -0.063306741 -4.051700592 -0.992131889 0.011705185 -0.124648660 82.233291626
-0.122170597 0.070589431 0.989995718 66.485359192 0.025846457 0.997355580 -0.067924626 -4.133382797 -0.992172480 0.017289493 -0.123672001 82.082702637
-0.120795883 0.076636873 0.989714622 67.606430054 0.029850844 0.996844947 -0.073545665 -4.212347031 -0.992228508 0.020659810 -0.122702457 81.927764893
-0.120528989 0.081056006 0.989395142 68.707382202 0.029859349 0.996505916 -0.078001082 -4.290377617 -0.992260635 0.020141300 -0.122528136 81.800315857
-0.120213196 0.078413695 0.989646494 69.823234558 0.026693149 0.996770501 -0.075735740 -4.375271797 -0.992389083 0.017312342 -0.121918075 81.671264648
-0.119661152 0.074010909 0.990052342 70.935112000 0.026106458 0.997107208 -0.071382985 -4.464269161 -0.992471397 0.017304994 -0.121247157 81.537414551
-0.119776607 0.071773335 0.990203083 72.071807861 0.022913847 0.997317553 -0.069517329 -4.551916122 -0.992536366 0.014362812 -0.121099904 81.405609131
-0.119544856 0.072593965 0.990171313 73.222007751 0.021865824 0.997273862 -0.070474796 -4.627294540 -0.992587984 0.013226016 -0.120806307 81.256309509
-0.119539991 0.077855252 0.989772081 74.356513977 0.022524729 0.996876717 -0.075693652 -4.713809967 -0.992573857 0.013245934 -0.120920308 81.122673035
-0.118848860 0.080009140 0.989683568 75.485794067 0.022202432 0.996713102 -0.077911191 -4.811392784 -0.992664099 0.012713728 -0.120234631 80.989509583
-0.118255153 0.079475731 0.989797711 76.656257629 0.022299094 0.996752977 -0.077370055 -4.896496773 -0.992732942 0.012922182 -0.119643450 80.845680237
-0.117235050 0.072684504 0.990440667 77.810447693 0.024038019 0.997233450 -0.070337698 -4.990855217 -0.992813230 0.015562188 -0.118657909 80.698883057
-0.117756322 0.071247332 0.990483284 78.978485107 0.023470920 0.997343898 -0.068950444 -5.077842712 -0.992765129 0.015128205 -0.119115792 80.557975769
-0.117647193 0.074190497 0.990280151 80.139587402 0.020926276 0.997169077 -0.072220527 -5.166327000 -0.992834926 0.012226337 -0.118866697 80.429939270
-0.116814308 0.077241778 0.990145445 81.320724487 0.020822296 0.996942222 -0.075315461 -5.257424355 -0.992935538 0.011819181 -0.118065476 80.291763306
-0.117035285 0.076783046 0.990155041 82.464828491 0.019832751 0.996988535 -0.074968755 -5.346090317 -0.992929757 0.010863511 -0.118205659 80.167602539
-0.116742253 0.073520824 0.990437210 83.642005920 0.019214323 0.997236729 -0.071760766 -5.436631203 -0.992976367 0.010653068 -0.117832340 80.031639099
-0.115689173 0.072398588 0.990643442 84.824874878 0.019711301 0.997310996 -0.070583954 -5.528200150 -0.993089974 0.011361076 -0.116805159 79.891921997
-0.114361063 0.072401173 0.990797400 86.001541138 0.021859348 0.997282684 -0.070351981 -5.626897812 -0.993198752 0.013612662 -0.115632966 79.757095337
-0.113510944 0.073030271 0.990849018 87.197784424 0.024175331 0.997202635 -0.070729040 -5.705312252 -0.993242621 0.015925586 -0.114958949 79.612068176
-0.112510599 0.072463438 0.991004705 88.381637573 0.023568969 0.997251272 -0.070244372 -5.795330524 -0.993371010 0.015453721 -0.113909237 79.484123230
-0.111327305 0.072925493 0.991104424 89.572868347 0.024878589 0.997195899 -0.070579179 -5.887536049 -0.993472338 0.016799895 -0.112829402 79.352424622
-0.110057794 0.071170956 0.991373777 90.791969299 0.025152883 0.997312903 -0.068804987 -5.979052544 -0.993606985 0.017363384 -0.111552224 79.222747803
-0.109041542 0.070628852 0.991524816 91.992309570 0.023879869 0.997370720 -0.068419114 -6.065010071 -0.993750274 0.016216958 -0.110441454 79.086875916
-0.107635684 0.069984868 0.991724074 93.207878113 0.024829291 0.997397304 -0.067690387 -6.152240276 -0.993880272 0.017337907 -0.109093219 78.958053589
-0.105743572 0.070947148 0.991859257 94.426414490 0.023331201 0.997353911 -0.068852797 -6.242056847 -0.994119704 0.015860528 -0.107119054 78.830177307
-0.105207488 0.073448829 0.991734147 95.662773132 0.023334641 0.997176468 -0.071376450 -6.336434841 -0.994176447 0.015632428 -0.106624343 78.719451904
-0.103242405 0.072149992 0.992036045 96.881210327 0.021907212 0.997288644 -0.070252098 -6.430490971 -0.994414926 0.014479747 -0.104543105 78.574951172
-0.102996491 0.071210727 0.992129385 98.112388611 0.017930476 0.997404873 -0.069727950 -6.519525051 -0.994520128 0.010607619 -0.104006045 78.458938599
-0.102635160 0.071876794 0.992118716 99.348281860 0.015691482 0.997378886 -0.070634574 -6.616660118 -0.994595349 0.008318224 -0.103493989 78.337371826
-0.102769382 0.071400069 0.992139280 100.567916870 0.012557358 0.997434139 -0.070480369 -6.704251289 -0.994625866 0.005215423 -0.103402287 78.205581665
-0.104281507 0.068692900 0.992172658 101.812057495 0.009859720 0.997634232 -0.068034723 -6.798023224 -0.994498849 0.002687780 -0.104712091 78.087562561
-0.105708495 0.067000568 0.992137313 103.064720154 0.007695077 0.997752786 -0.066559888 -6.895951748 -0.994367361 0.000598626 -0.105986506 77.964614868
-0.106824338 0.066365093 0.992060542 104.347839355 0.005587505 0.997794271 -0.066146985 -6.983744144 -0.994262159 -0.001522966 -0.106959529 77.833656311
-0.108835444 0.066648051 0.991823018 105.595756531 0.005455074 0.997775018 -0.066449396 -7.073802948 -0.994044781 -0.001821582 -0.108956851 77.706161499
-0.110958666 0.065083511 0.991691649 106.849365234 0.005172583 0.997877598 -0.064910740 -7.164711952 -0.993811488 -0.002072805 -0.111059837 77.571052551
-0.114180915 0.060557939 0.991612554 108.126007080 0.001405404 0.998149276 -0.060795318 -7.249100685 -0.993458986 -0.005548048 -0.114054687 77.435195923
-0.118912168 0.060692281 0.991048098 109.378883362 0.000713051 0.998135030 -0.061040729 -7.334995747 -0.992904603 -0.006551817 -0.118733652 77.294906616
-0.124369413 0.066524155 0.990003407 110.629028320 -0.004244550 0.997705221 -0.067574903 -7.424101353 -0.992226899 -0.012606369 -0.123801641 77.149047852
-0.131417304 0.069065422 0.988918364 111.851089478 -0.003659061 0.997529447 -0.070153080 -7.520847321 -0.991320312 -0.012837841 -0.130839929 76.997863770
-0.140342191 0.064841174 0.987977684 113.090232849 -0.001799051 0.997834861 -0.065743662 -7.618238926 -0.990101337 -0.011004033 -0.139921680 76.827362061
-0.151558802 0.062814176 0.986450374 114.305870056 0.000203803 0.997980654 -0.063517079 -7.712142944 -0.988448143 -0.009425533 -0.151265547 76.651260376
-0.164256990 0.064049602 0.984335780 115.540405273 0.000904554 0.997899115 -0.064781167 -7.796975136 -0.986417174 -0.009750376 -0.163969830 76.448318481
-0.178198442 0.064522311 0.981876791 116.755462646 0.003045267 0.997879326 -0.065021209 -7.884508133 -0.983989835 -0.008596600 -0.178017005 76.230209351
-0.192957744 0.061626103 0.979269803 117.971244812 0.002976615 0.998057902 -0.062221915 -7.981819153 -0.981202543 -0.009091294 -0.192766488 76.004081726
-0.208198681 0.064601839 0.975950778 119.166221619 0.007413329 0.997891843 -0.064472713 -8.065747261 -0.978058457 -0.006188091 -0.208238691 75.751586914
-0.223569289 0.067860208 0.972322941 120.335723877 0.008020688 0.997667551 -0.067784846 -8.155674934 -0.974655092 -0.007355909 -0.223592162 75.495681763
-0.238967881 0.071784362 0.968370438 121.508148193 0.007710661 0.997372508 -0.072031468 -8.248716354 -0.970996797 -0.009746431 -0.238893539 75.218383789
-0.254582554 0.069267496 0.964567065 122.680122375 0.004074500 0.997499287 -0.070557036 -8.349176407 -0.967042446 -0.014032460 -0.254228175 74.909774780
-0.270858198 0.063562423 0.960518360 123.844825745 -0.001681593 0.997784615 -0.066502742 -8.442655563 -0.962617815 -0.019628013 -0.270151228 74.601051331
-0.286679566 0.059742417 0.956161857 124.994621277 -0.005837945 0.997926176 -0.064102262 -8.527322769 -0.958008766 -0.023958836 -0.285736322 74.275192261
-0.301832110 0.061291646 0.951388776 126.120376587 -0.007881792 0.997736573 -0.066778064 -8.611119270 -0.953328431 -0.027654419 -0.300665975 73.929763794
-0.315878749 0.063608050 0.946665049 127.285278320 -0.006801816 0.997572660 -0.069298230 -8.701637268 -0.948775172 -0.028328884 -0.314679384 73.552726746
-0.329852343 0.065754771 0.941739798 128.415679932 -0.005333954 0.997425497 -0.071511157 -8.795420647 -0.944017529 -0.028611323 -0.328652442 73.165542603
-0.344159752 0.065781102 0.936603963 129.546600342 -0.002909901 0.997463167 -0.071124710 -8.889095306 -0.938906550 -0.027203690 -0.343095243 72.762039185
-0.357558429 0.063376069 0.931737900 130.670623779 -0.003629649 0.997592807 -0.069248348 -8.989341736 -0.933883667 -0.028142216 -0.356467664 72.330352783
-0.372264028 0.062306728 0.926033080 131.790435791 -0.003390105 0.997646153 -0.068487912 -9.083446503 -0.928120613 -0.028634941 -0.371176600 71.889801025
-0.386774123 0.063459828 0.919988334 132.886489868 -0.004612836 0.997483730 -0.070744671 -9.179636002 -0.922162890 -0.031605966 -0.385508239 71.438148499
-0.401842386 0.065893196 0.913334966 133.980239868 -0.003885380 0.997276008 -0.073658630 -9.268085480 -0.915700614 -0.033147816 -0.400491714 70.972297668
-0.417266250 0.067892477 0.906244636 135.080017090 -0.002480996 0.997116625 -0.075842589 -9.361011505 -0.908780932 -0.033894945 -0.415894687 70.490264893
-0.430967689 0.070142061 0.899637043 136.149703979 0.000720408 0.997000694 -0.077388123 -9.468050003 -0.902366996 -0.032703672 -0.429725677 69.968978882
-0.445744693 0.073664755 0.892123938 137.217758179 0.000466989 0.996627212 -0.082060516 -9.566964149 -0.895159960 -0.036161423 -0.444275707 69.449485779
-0.460757017 0.076107897 0.884257078 138.286666870 0.001485315 0.996381104 -0.084984452 -9.667099953 -0.887525082 -0.037843786 -0.459202677 68.900520325
-0.476384223 0.072707675 0.876225710 139.339981079 -0.000348772 0.996559262 -0.082882382 -9.778598785 -0.879237056 -0.039789457 -0.474719852 68.344711304
-0.492522418 0.068433523 0.867604852 140.410736084 -0.003137918 0.996757567 -0.080401972 -9.881393433 -0.870294034 -0.042322244 -0.490710795 67.757179260
-0.508670211 0.068469264 0.858234584 141.463485718 -0.003606328 0.996654451 -0.081649750 -9.988299370 -0.860953927 -0.044627871 -0.506721556 67.143936157
-0.524388790 0.067400590 0.848807096 142.524139404 -0.004956734 0.996603608 -0.082198784 -10.094007492 -0.851464689 -0.047311440 -0.522273600 66.510269165
-0.540342093 0.066334151 0.838826597 143.560485840 -0.005369894 0.996595621 -0.082269549 -10.199106216 -0.841428339 -0.048958115 -0.538146257 65.858444214
-0.556230187 0.065705843 0.828426659 144.592590332 -0.006848508 0.996473014 -0.083632559 -10.309453964 -0.831000149 -0.052192435 -0.553818345 65.191581726
-0.571323395 0.064897224 0.818155110 145.606552124 -0.007360936 0.996423483 -0.084177904 -10.417968750 -0.820691943 -0.054115202 -0.568802416 64.490585327
-0.586622655 0.062452812 0.807448745 146.624237061 -0.007778657 0.996541679 -0.082729667 -10.522098541 -0.809822977 -0.054811969 -0.584108174 63.769882202
-0.601686239 0.058645830 0.796576619 147.642517090 -0.007995105 0.996808648 -0.079426393 -10.632671356 -0.798692465 -0.054158483 -0.599297166 63.023109436
-0.616348982 0.057133343 0.785397887 148.614868164 -0.006546446 0.996958375 -0.077660590 -10.743062973 -0.787445903 -0.053007592 -0.614100337 62.259845734
-0.631044567 0.055721562 0.773742795 149.595642090 -0.007329526 0.996944189 -0.077773310 -10.842820168 -0.775712013 -0.054749589 -0.628707767 61.476642609
-0.646066070 0.056358896 0.761198044 150.557128906 -0.009166841 0.996625364 -0.081570253 -10.952556610 -0.763226449 -0.059677552 -0.643369257 60.678958893
-0.661148548 0.055774905 0.748178959 151.515579224 -0.010978528 0.996406794 -0.083981134 -11.064562798 -0.750174761 -0.063737914 -0.658160567 59.854907990
-0.676865101 0.052406296 0.734239221 152.462982178 -0.012657815 0.996486306 -0.082792871 -11.178508759 -0.735998392 -0.065333463 -0.673823416 59.007419586
-0.693229556 0.045066297 0.719306529 153.396194458 -0.015890460 0.996844769 -0.077769108 -11.289365768 -0.720541775 -0.065341957 -0.690325975 58.133457184
-0.710111260 0.042779621 0.702788651 154.320953369 -0.016944662 0.996824920 -0.077799223 -11.390483856 -0.703885555 -0.067154601 -0.707131863 57.244728088
-0.727450848 0.039811078 0.685003936 155.207046509 -0.018961038 0.996767819 -0.078066178 -11.495075226 -0.685897827 -0.069777697 -0.724344730 56.334907532
-0.744700670 0.036738597 0.666386724 156.066604614 -0.021287117 0.996668160 -0.078736141 -11.601749420 -0.667059183 -0.072820306 -0.741437316 55.399444580
-0.761318386 0.034290906 0.647470534 156.925689697 -0.021399820 0.996727467 -0.077950664 -11.708309174 -0.648024857 -0.073201038 -0.758093357 54.435924530
-0.777338207 0.036309473 0.628034055 157.747375488 -0.019477205 0.996465147 -0.081717707 -11.814429283 -0.628781199 -0.075754665 -0.773883283 53.444343567
-0.792626560 0.035744879 0.608658552 158.542297363 -0.016036920 0.996712267 -0.079418339 -11.924901962 -0.609496415 -0.072710104 -0.789447546 52.441650391
-0.807048202 0.037281986 0.589307070 159.326904297 -0.011643883 0.996805847 -0.079008177 -12.042703629 -0.590370417 -0.070625253 -0.804036438 51.382957458
-0.821300924 0.037991725 0.569228768 160.068969727 -0.010203761 0.996642232 -0.081240639 -12.161430359 -0.570403934 -0.072531298 -0.818155646 50.339641571
-0.834943593 0.039523222 0.548914492 160.783752441 -0.009240466 0.996270418 -0.085789464 -12.274937630 -0.550257921 -0.076701611 -0.831464469 49.279430389
-0.847846329 0.040238671 0.528712869 161.471878052 -0.006235246 0.996290803 -0.085823409 -12.390208244 -0.530205190 -0.076061726 -0.844450831 48.201934814
-0.859452307 0.038435999 0.509768784 162.147964478 -0.004679396 0.996536374 -0.083027020 -12.512927055 -0.511194289 -0.073743194 -0.856295645 47.084968567
-0.869746745 0.040328216 0.491847634 162.781921387 -0.001906043 0.996373415 -0.085066438 -12.626824379 -0.493494570 -0.074923754 -0.866515696 45.970363617
-0.879150629 0.043513931 0.474553108 163.392196655 0.001239980 0.996027887 -0.089033149 -12.740658760 -0.476542324 -0.077685125 -0.875712574 44.851764679
-0.888138175 0.040826205 0.457759470 164.006195068 -0.000632551 0.995936930 -0.090051882 -12.868369102 -0.459576070 -0.080268085 -0.884503722 43.694190979
-0.896319687 0.038029276 0.441774517 164.584335327 -0.001807041 0.995993674 -0.089404441 -12.990802765 -0.443404704 -0.080933280 -0.892660141 42.551822662
-0.903533459 0.036128391 0.426992059 165.153442383 -0.002487952 0.995980382 -0.089535877 -13.119649887 -0.428510755 -0.081960984 -0.899811685 41.383335114
-0.910188615 0.033849906 0.412808478 165.696502686 -0.003267811 0.996037006 -0.088879175 -13.244499207 -0.414181143 -0.082245797 -0.906471014 40.214595795
-0.916351378 0.031382922 0.399143070 166.223815918 -0.004241389 0.996106327 -0.088056974 -13.371273041 -0.400352359 -0.082384057 -0.912650406 39.034069061
-0.922027051 0.026434718 0.386221737 166.735565186 -0.006865900 0.996392190 -0.084588431 -13.487372398 -0.387064427 -0.080644570 -0.918519139 37.850467682
-0.927150309 0.022753971 0.373997897 167.236068726 -0.008343371 0.996653020 -0.081319660 -13.604177475 -0.374596447 -0.078515954 -0.923857510 36.658882141
-0.931449175 0.023229513 0.363129258 167.720886230 -0.005458927 0.996955633 -0.077778123 -13.726929665 -0.363830507 -0.074428670 -0.928486824 35.429729462
-0.934705615 0.027116537 0.354387045 168.180267334 -0.001225681 0.996833503 -0.079507194 -13.837196350 -0.355420887 -0.074750192 -0.931712627 34.236381531
-0.937085927 0.032013357 0.347627848 168.631362915 0.003987200 0.996702909 -0.081039131 -13.949840546 -0.349076003 -0.074554563 -0.934123993 33.040145874
-0.938753664 0.035858639 0.342718154 169.069519043 0.007643731 0.996492982 -0.083325937 -14.063055992 -0.344504178 -0.075602889 -0.935735524 31.834182739
-0.940525532 0.032884255 0.338127702 169.506195068 0.005369148 0.996618569 -0.081990480 -14.179389954 -0.339680493 -0.075298689 -0.937521815 30.636455536
-0.942484438 0.025648745 0.333264530 169.955368042 -0.000587122 0.996922910 -0.078385711 -14.292032242 -0.334249496 -0.074072987 -0.939569294 29.434741974
-0.944404960 0.019206546 0.328222990 170.403793335 -0.006417552 0.997025192 -0.076808080 -14.394585609 -0.328721821 -0.074644320 -0.941472352 28.209247589
-0.946024358 0.013058281 0.323832273 170.835952759 -0.013117080 0.996826470 -0.078515694 -14.499380112 -0.323829889 -0.078525491 -0.942851007 27.000648499
-0.947277427 0.010332876 0.320247918 171.262130737 -0.016523561 0.996574581 -0.081030615 -14.613071442 -0.319988191 -0.082050093 -0.943862021 25.781707764
-0.948033333 0.010457243 0.317999512 171.677764893 -0.016970554 0.996375024 -0.083358571 -14.723982811 -0.317718476 -0.084423326 -0.944419146 24.567300797
-0.948335290 0.011147127 0.317074060 172.092941284 -0.016649785 0.996256888 -0.084822409 -14.843390465 -0.316832721 -0.085719295 -0.944600046 23.364952087
-0.948392451 0.013325210 0.316818953 172.504562378 -0.014942179 0.996128798 -0.086625747 -14.963220596 -0.316746742 -0.086889185 -0.944521904 22.166183472
-0.947696209 0.014138422 0.318860084 172.913436890 -0.014851625 0.995982826 -0.088303469 -15.086477280 -0.318827718 -0.088420458 -0.943679333 20.924446106
-0.947494268 0.015193128 0.319411308 173.332901001 -0.014366537 0.995839536 -0.089984693 -15.209964752 -0.319449544 -0.089848839 -0.943334103 19.722576141
-0.946804225 0.016713291 0.321375728 173.752532959 -0.013002204 0.995848179 -0.090095304 -15.329473495 -0.321547300 -0.089481197 -0.942656100 18.503925323
-0.945781469 0.016108129 0.324403644 174.166015625 -0.013619944 0.995924056 -0.089160398 -15.468109131 -0.324517697 -0.088744618 -0.941707253 17.304294586
-0.944753766 0.014837894 0.327444732 174.598403931 -0.015327577 0.995882154 -0.089351177 -15.588039398 -0.327422231 -0.089433812 -0.940636098 16.123569489
-0.943223596 0.013342360 0.331890255 175.031768799 -0.016479412 0.996082544 -0.086877689 -15.711423874 -0.331749320 -0.087414451 -0.939308882 14.935501099
-0.941089511 0.010991016 0.337979019 175.464111328 -0.018628964 0.996268749 -0.084270097 -15.827354431 -0.337644130 -0.085601889 -0.937373281 13.742271423
-0.939004302 0.008404570 0.343802631 175.920364380 -0.020878023 0.996464252 -0.081382163 -15.942619324 -0.343271047 -0.083596110 -0.935508788 12.570938110
-0.936216056 0.010538389 0.351267278 176.361511230 -0.019276518 0.996505439 -0.081273012 -16.054725647 -0.350896239 -0.082860276 -0.932741225 11.393924713
-0.932786167 0.010955389 0.360263705 176.806381226 -0.019716607 0.996490240 -0.081352375 -16.166675568 -0.359890580 -0.082987547 -0.929296374 10.218231201
-0.928933203 0.014051955 0.369980574 177.262786865 -0.018242812 0.996328533 -0.083644152 -16.280792236 -0.369797617 -0.084449314 -0.925266445 9.066230774
-0.924758077 0.015037017 0.380258352 177.739852905 -0.017500281 0.996481538 -0.081964351 -16.398595810 -0.380152971 -0.082451813 -0.921241224 7.912879944
-0.919928193 0.017459150 0.391697645 178.234664917 -0.016800975 0.996335208 -0.083867885 -16.505571365 -0.391726404 -0.083733365 -0.916263700 6.764148712
-0.914599717 0.019234171 0.403902560 178.751815796 -0.016464343 0.996268272 -0.084725097 -16.622039795 -0.404024959 -0.084139541 -0.910870135 5.633789062
-0.908679843 0.021834919 0.416921765 179.279846191 -0.014868675 0.996305406 -0.084584497 -16.737812042 -0.417228252 -0.083059326 -0.904998183 4.493003845
-0.902090907 0.021451607 0.431012481 179.824539185 -0.015031290 0.996595800 -0.081060708 -16.863435745 -0.431284070 -0.079602800 -0.898697555 3.331169128
-0.895782113 0.024031918 0.443843275 180.392852783 -0.013801102 0.996552169 -0.081812307 -16.972238541 -0.444279075 -0.079411522 -0.892361879 2.202209473
-0.888955593 0.026011275 0.457254022 180.961364746 -0.011953532 0.996728063 -0.079938777 -17.091850281 -0.457837284 -0.076527826 -0.885736048 1.085655212
-0.881432831 0.028623300 0.471440971 181.550582886 -0.009390306 0.996902525 -0.078083061 -17.196788788 -0.472215772 -0.073251955 -0.878434002 -0.032226562
-0.874401867 0.030143637 0.484264910 182.164215088 -0.007125567 0.997162938 -0.074935675 -17.307647705 -0.485149890 -0.068974569 -0.871706307 -1.103752136
-0.866230607 0.033237040 0.498537570 182.774688721 -0.003772772 0.997321486 -0.073045850 -17.413047791 -0.499630064 -0.065155417 -0.863785028 -2.173004150
-0.856908321 0.036519464 0.514173567 183.401260376 -0.000482435 0.997429848 -0.071647070 -17.517421722 -0.515468478 -0.061643019 -0.854688585 -3.234237671
-0.846969724 0.038851846 0.530219674 184.051895142 0.001667311 0.997515321 -0.070429608 -17.619846344 -0.531638503 -0.058767699 -0.844930172 -4.260841370
-0.836298645 0.041605569 0.546693265 184.723785400 0.004179114 0.997571349 -0.069526248 -17.715387344 -0.548258185 -0.055860031 -0.834441483 -5.289909363
-0.824671149 0.043835465 0.563911259 185.389785767 0.006192666 0.997632325 -0.068494394 -17.818727493 -0.565578580 -0.052993242 -0.822990000 -6.292045593
-0.813006043 0.045588512 0.580467880 186.096252441 0.007652713 0.997680664 -0.067636937 -17.920759201 -0.582204998 -0.050547082 -0.811469257 -7.284492493
-0.800597906 0.048196688 0.597260416 186.833801270 0.009241049 0.997634530 -0.068118192 -18.008182526 -0.599130630 -0.049015980 -0.799149454 -8.253990173
-0.787887752 0.049192782 0.613850951 187.588562012 0.010719718 0.997748852 -0.066198662 -18.094360352 -0.615725577 -0.045576800 -0.786641419 -9.182388306
-0.773346066 0.051067892 0.631923974 188.357391357 0.012687745 0.997797489 -0.065108150 -18.184326172 -0.633857191 -0.042333439 -0.772290707 -10.113304138
