1.000000000 -0.000000000 0.000000000 0.000000007 -0.000000000 1.000000000 0.000000000 -0.000000119 0.000000000 0.000000000 1.000000000 -0.000000004
0.999991357 -0.002442813 -0.003364767 -0.002888157 0.002435374 0.999994576 -0.002213129 -0.005032859 0.003370155 0.002204915 0.999991894 0.666580260
0.999971867 -0.001453288 -0.007359549 -0.012129483 0.001426742 0.999992549 -0.003610874 -0.009742675 0.007364742 0.003600272 0.999966443 1.364213824
0.999936461 -0.001260242 -0.011203081 -0.028273787 0.001203924 0.999986589 -0.005032272 -0.011569910 0.011209273 0.005018465 0.999924541 2.064454317
0.999869823 -0.000021479 -0.016134189 -0.047320455 -0.000071639 0.999983311 -0.005770844 -0.013611419 0.016134044 0.005771249 0.999853253 2.794671535
0.999789059 -0.000754019 -0.020526432 -0.064942479 0.000637559 0.999983609 -0.005679637 -0.031049309 0.020530384 0.005665351 0.999773204 3.534319162
0.999686122 0.001087432 -0.025031561 -0.091277756 -0.001264254 0.999974310 -0.007049247 -0.034169655 0.025023259 0.007078680 0.999661803 4.288155079
0.999556661 0.003811963 -0.029533368 -0.126376286 -0.004041248 0.999962091 -0.007707781 -0.044482656 0.029502869 0.007823714 0.999534130 5.046263218
0.999414921 0.004107092 -0.033953808 -0.157746285 -0.004312857 0.999972761 -0.005989148 -0.053993970 0.033928297 0.006132083 0.999405503 5.842591286
0.999254704 0.003418869 -0.038447428 -0.192666829 -0.003559169 0.999987245 -0.003581277 -0.058069460 0.038434695 0.003715448 0.999254286 6.643117905
0.999122977 0.003003892 -0.041764114 -0.232826829 -0.003031001 0.999995291 -0.000585791 -0.069701269 0.041762162 0.000711864 0.999127388 7.449874401
0.999007702 0.004728436 -0.044287756 -0.282371044 -0.004799473 0.999987364 -0.001497781 -0.078061491 0.044280123 0.001708853 0.999017656 8.265019417
0.998908699 0.004293985 -0.046507802 -0.326554447 -0.004378406 0.999988973 -0.001713483 -0.083048530 0.046499934 0.001915244 0.998916447 9.085866928
0.998853266 0.001690861 -0.047847334 -0.373870909 -0.001813272 0.999995232 -0.002515105 -0.088520259 0.047842853 0.002598981 0.998851538 9.911072731
0.998732805 0.001085780 -0.050315365 -0.410320103 -0.001161603 0.999998212 -0.001477747 -0.099542864 0.050313685 0.001534320 0.998732328 10.752533913
0.998654246 -0.000445790 -0.051860698 -0.456325233 0.000347985 0.999998093 -0.001894915 -0.105737627 0.051861446 0.001874318 0.998652577 11.604845047
0.998558462 0.001741240 -0.053646572 -0.509701550 -0.001966076 0.999989450 -0.004138572 -0.116057321 0.053638808 0.004238078 0.998551488 12.461564064
0.998490393 0.002446332 -0.054872084 -0.565699041 -0.002824071 0.999972820 -0.006807520 -0.128695026 0.054853939 0.006952204 0.998470247 13.325473785
0.998392522 0.006219164 -0.056335546 -0.626955211 -0.006685460 0.999944925 -0.008092434 -0.144853309 0.056282111 0.008456054 0.998379171 14.201401711
0.998313904 0.007912746 -0.057504285 -0.683326900 -0.008380562 0.999933660 -0.007898746 -0.156461164 0.057437964 0.008367345 0.998314142 15.081988335
0.998239100 0.006837603 -0.058925372 -0.739057720 -0.007224500 0.999953687 -0.006355340 -0.170505852 0.058879189 0.006769853 0.998242140 15.975605011
0.998161495 0.007937937 -0.060089685 -0.800120592 -0.008244233 0.999954224 -0.004851094 -0.182796568 0.060048427 0.005337568 0.998181224 16.873687744
0.998113871 0.006987129 -0.060990419 -0.857481062 -0.007277069 0.999963164 -0.004533007 -0.199252725 0.060956508 0.004968289 0.998128116 17.762537003
0.998004615 0.006931918 -0.062759586 -0.915414214 -0.007288759 0.999958515 -0.005458668 -0.210235834 0.062719136 0.005905217 0.998013794 18.670963287
0.997942746 0.005327410 -0.063890673 -0.974181652 -0.005715513 0.999966204 -0.005893250 -0.226704925 0.063857116 0.006246294 0.997939587 19.582607269
0.997916222 0.005227288 -0.064312153 -1.036734343 -0.005517700 0.999975324 -0.004338864 -0.237431318 0.064287879 0.004684678 0.997920394 20.489267349
0.997901678 0.006443106 -0.064427562 -1.101564407 -0.006534273 0.999977887 -0.001204394 -0.245019957 0.064418398 0.001622854 0.997921646 21.416524887
0.997932851 0.007240133 -0.063856915 -1.161652088 -0.007068539 0.999970794 0.002912675 -0.259851873 0.063876137 -0.002455278 0.997954845 22.346435547
0.998071313 0.005547062 -0.061829653 -1.220014095 -0.005180851 0.999967992 0.006081649 -0.270731896 0.061861422 -0.005749588 0.998068154 23.275894165
0.998158813 0.005807046 -0.060377344 -1.280328870 -0.005416640 0.999963284 0.006627760 -0.272306263 0.060413629 -0.006288513 0.998153627 24.217006683
0.998230994 0.006312463 -0.059118580 -1.337712169 -0.006110348 0.999974847 0.003598940 -0.276673526 0.059139825 -0.003231338 0.998244405 25.153469086
0.998300612 0.006841560 -0.057871617 -1.399431825 -0.006905639 0.999975860 -0.000907358 -0.286292732 0.057864003 0.001305455 0.998323619 26.099729538
0.998389363 0.005979537 -0.056418076 -1.460965633 -0.006205561 0.999973416 -0.003831876 -0.294130087 0.056393653 0.004175809 0.998399913 27.049747467
0.998452306 0.003789776 -0.055485688 -1.519690752 -0.003946589 0.999988556 -0.002716877 -0.303674042 0.055474751 0.002931650 0.998455763 28.009725571
0.998433232 0.002021743 -0.055919874 -1.569147825 -0.001899981 0.999995649 0.002230519 -0.314616829 0.055924147 -0.002120778 0.998432815 28.984531403
0.998385847 -0.001760656 -0.056767970 -1.625099301 0.002080121 0.999982357 0.005568957 -0.322716534 0.056757167 -0.005678052 0.998371959 29.958044052
0.998278618 -0.009294677 -0.057909556 -1.674533486 0.009596387 0.999941766 0.004934109 -0.329114556 0.057860330 -0.005481337 0.998309731 30.936809540
0.998188496 -0.011267829 -0.059100475 -1.726535678 0.011366600 0.999934614 0.001335362 -0.343816519 0.059081558 -0.002004716 0.998251140 31.899959564
0.998111129 -0.010983143 -0.060444798 -1.791776896 0.010839459 0.999937594 -0.002704478 -0.348673046 0.060470726 0.002044180 0.998167872 32.875141144
0.998028636 -0.009616044 -0.062019356 -1.872289300 0.009413079 0.999949336 -0.003563909 -0.357039690 0.062050477 0.002973089 0.998068571 33.854644775
0.997946918 -0.010287346 -0.063215002 -1.922109485 0.010194225 0.999946415 -0.001795406 -0.369770974 0.063230082 0.001147292 0.997998297 34.843791962
0.997898340 -0.007528262 -0.064360328 -1.994270325 0.007617718 0.999970317 0.001144627 -0.383542866 0.064349800 -0.001632500 0.997925997 35.838726044
0.997799933 -0.007082069 -0.065917701 -2.057007074 0.007250845 0.999971032 0.002321507 -0.393718094 0.065899350 -0.002794358 0.997822285 36.836093903
0.997736573 -0.006010889 -0.066974819 -2.127257347 0.006345447 0.999968469 0.004783656 -0.399326831 0.066943936 -0.005197813 0.997743130 37.814708710
0.997768879 -0.005922366 -0.066498384 -2.197091341 0.006465420 0.999947429 0.007954192 -0.407321990 0.066447787 -0.008366386 0.997754812 38.809474945
0.997749507 -0.000008667 -0.067051917 -2.273687840 0.000694124 0.999947727 0.010199485 -0.410623640 0.067048341 -0.010223076 0.997697353 39.791603088
0.997731030 0.000412592 -0.067323901 -2.353130817 0.000213453 0.999956787 0.009291543 -0.411469042 0.067324847 -0.009284833 0.997687817 40.793964386
0.997727096 -0.000128378 -0.067384593 -2.406898260 0.000675967 0.999966919 0.008103591 -0.423427403 0.067381322 -0.008130723 0.997694194 41.784168243
0.997733414 0.002310668 -0.067252323 -2.487872601 -0.001938790 0.999982536 0.005594347 -0.424115390 0.067264065 -0.005451280 0.997720361 42.776172638
0.997681499 0.001556968 -0.068038583 -2.563200235 -0.001160023 0.999982059 0.005873248 -0.430258602 0.068046510 -0.005780707 0.997665465 43.755119324
0.997579455 -0.000238638 -0.069535270 -2.622004747 0.000741289 0.999973774 0.007203010 -0.443129152 0.069531716 -0.007237122 0.997553468 44.751010895
0.997523904 0.000184033 -0.070327118 -2.691742420 0.000408878 0.999964476 0.008416263 -0.450244993 0.070326157 -0.008424180 0.997488499 45.732898712
0.997508824 0.003123504 -0.070471868 -2.770437241 -0.002800177 0.999985099 0.004686348 -0.461259186 0.070485458 -0.004477341 0.997502744 46.701927185
0.997439981 0.003590484 -0.071417712 -2.847723961 -0.003565552 0.999993563 0.000476591 -0.469208598 0.071418978 -0.000220727 0.997446358 47.661083221
0.997395456 0.003565825 -0.072039157 -2.910547733 -0.003625127 0.999993086 -0.000692455 -0.472912461 0.072036199 0.000951802 0.997401476 48.633419037
0.997387946 0.002525437 -0.072187282 -2.983142376 -0.002317086 0.999992907 0.002969859 -0.485672712 0.072194271 -0.002794838 0.997386694 49.615814209
0.997367918 0.000431228 -0.072506204 -3.052543163 0.000004341 0.999981940 0.006007064 -0.495060474 0.072507486 -0.005991568 0.997349799 50.580478668
0.997343481 -0.002200011 -0.072809055 -3.114669800 0.002705033 0.999972939 0.006838378 -0.503729820 0.072792046 -0.007017163 0.997322440 51.534484863
0.997293532 -0.005505453 -0.073315442 -3.182088375 0.005928188 0.999967039 0.005549602 -0.510726571 0.073282473 -0.005969211 0.997293353 52.494564056
0.997260332 -0.008424530 -0.073491275 -3.249873400 0.008780884 0.999951124 0.004527196 -0.521874905 0.073449574 -0.005160112 0.997285604 53.440013885
0.997182250 -0.009589886 -0.074402258 -3.323077917 0.010010749 0.999935925 0.005285729 -0.527169466 0.074346811 -0.006015658 0.997214317 54.393363953
0.997034192 -0.012984243 -0.075856932 -3.389267206 0.013757426 0.999858379 0.009679015 -0.534503698 0.075720534 -0.010693906 0.997071803 55.337390900
0.996999025 -0.013329130 -0.076258585 -3.464463234 0.014493165 0.999786437 0.014731297 -0.539267659 0.076045953 -0.015792316 0.996979237 56.289028168
0.996995807 -0.011589871 -0.076584317 -3.546160698 0.012899929 0.999778450 0.016633570 -0.536010206 0.076374583 -0.017571531 0.996924341 57.236152649
0.996895492 -0.010106402 -0.078084834 -3.622925282 0.011098851 0.999862969 0.012286368 -0.533874631 0.077949978 -0.013114875 0.996870995 58.166320801
0.996798575 -0.008488163 -0.079502925 -3.696239948 0.008901447 0.999948621 0.004845385 -0.541689634 0.079457738 -0.005537562 0.996822894 59.070835114
0.996718705 -0.007317324 -0.080612265 -3.772998333 0.007382878 0.999972582 0.000515168 -0.554347098 0.080606289 -0.001108628 0.996745408 59.992584229
0.996694505 -0.002059799 -0.081214286 -3.859711885 0.002169131 0.999996841 0.001258020 -0.563070178 0.081211433 -0.001430026 0.996695936 60.890346527
0.996592045 0.000530434 -0.082487270 -3.945001125 -0.000200751 0.999991894 0.004005001 -0.579157472 0.082488738 -0.003974793 0.996583998 61.792087555
0.996499181 0.002903414 -0.083552010 -4.020325661 -0.002481266 0.999983609 0.005155920 -0.588150859 0.083565608 -0.004930556 0.996490121 62.668956757
0.996390164 0.003396577 -0.084824473 -4.097041607 -0.002989470 0.999983430 0.004925960 -0.595883906 0.084839799 -0.004654599 0.996383786 63.536544800
0.996259868 0.005009749 -0.086262904 -4.177329063 -0.004515402 0.999972224 0.005924863 -0.606094480 0.086290196 -0.005513191 0.996254861 64.385238647
0.996115744 0.006132607 -0.087839797 -4.255338192 -0.005583709 0.999963284 0.006493195 -0.616519451 0.087876394 -0.005977502 0.996113479 65.226570129
0.996011853 0.005872131 -0.089027233 -4.331520557 -0.005281135 0.999962389 0.006872475 -0.626040995 0.089064248 -0.006374902 0.996005476 66.045509338
0.995900154 0.005755641 -0.090276353 -4.405217171 -0.005069818 0.999956548 0.007824392 -0.631054223 0.090317465 -0.007334628 0.995886028 66.850395203
0.995759547 0.008567454 -0.091593958 -4.482550621 -0.007619091 0.999913812 0.010698644 -0.641081572 0.091677725 -0.009955416 0.995739043 67.646835327
0.995628893 0.010148935 -0.092843659 -4.563386440 -0.008798825 0.999849677 0.014939582 -0.646895051 0.092981331 -0.014057368 0.995568752 68.436485291
0.995443106 0.013202873 -0.094438739 -4.647338390 -0.011689352 0.999794602 0.016561750 -0.648937225 0.094637983 -0.015382349 0.995393038 69.214599609
0.995268524 0.016104870 -0.095818333 -4.726452827 -0.014993029 0.999811769 0.012312317 -0.652859271 0.095998578 -0.010817457 0.995322704 69.963325500
0.995130539 0.015900735 -0.097273827 -4.797574043 -0.015463111 0.999866545 0.005251165 -0.663169444 0.097344354 -0.003721440 0.995243788 70.686706543
0.995009601 0.015111300 -0.098628558 -4.871615887 -0.015233682 0.999883831 -0.000487815 -0.669881642 0.098609738 0.001987856 0.995124280 71.393501282
0.994960725 0.015755611 -0.099019788 -4.948559761 -0.016009133 0.999870241 -0.001766211 -0.673034728 0.098979115 0.003342532 0.995083988 72.084747314
0.994852722 0.018592425 -0.099610545 -5.027250290 -0.018530484 0.999826968 0.001547072 -0.679228544 0.099622101 0.000306722 0.995025337 72.762168884
0.994699597 0.018966451 -0.101059288 -5.096242428 -0.018688763 0.999818444 0.003693910 -0.693951726 0.101111017 -0.001785658 0.994873583 73.415184021
0.994665861 0.015821377 -0.101929069 -5.161975861 -0.015850846 0.999874175 0.000520883 -0.704495430 0.101924479 0.001097557 0.994791567 74.044204712
0.994741499 0.007400123 -0.102149114 -5.210971832 -0.007890595 0.999959171 -0.004398305 -0.722151279 0.102112405 0.005181195 0.994759321 74.656349182
0.994877756 0.003502268 -0.101024814 -5.267804623 -0.004455700 0.999947548 -0.009213507 -0.728839397 0.100987256 0.009616449 0.994841278 75.254127502
0.995164156 0.005663281 -0.098062500 -5.325314522 -0.006627451 0.999932826 -0.009509254 -0.740550995 0.098002054 0.010113174 0.995134830 75.833450317
0.995524108 0.010758692 -0.093893185 -5.386808395 -0.011408369 0.999914467 -0.006385289 -0.756142139 0.093816482 0.007427879 0.995561779 76.405555725
0.995964229 0.009207845 -0.089277692 -5.437097549 -0.009554648 0.999948263 -0.003457941 -0.763389409 0.089241259 0.004297001 0.996000767 76.962730408
0.996490002 0.005714979 -0.083517089 -5.472022533 -0.005690916 0.999983668 0.000526155 -0.769111216 0.083518736 -0.000049020 0.996506274 77.510078430
0.997171700 0.001096900 -0.075149067 -5.506518364 -0.000774623 0.999990344 0.004317523 -0.787299514 0.075153083 -0.004247100 0.997162998 78.035743713
0.997889459 0.004993166 -0.064742647 -5.533069134 -0.004736174 0.999980211 0.004122319 -0.793038487 0.064761929 -0.003806987 0.997893453 78.550621033
0.998733640 0.010111555 -0.049283016 -5.566634178 -0.009941985 0.999943793 0.003684690 -0.800193429 0.049317501 -0.003190054 0.998778045 79.056953430
0.999394357 0.015090040 -0.031358644 -5.576796055 -0.014967674 0.999879420 0.004133297 -0.804774344 0.031417236 -0.003661429 0.999499679 79.549880981
0.999863684 0.013763744 -0.009126537 -5.567961693 -0.013720685 0.999894500 0.004764085 -0.809878290 0.009191152 -0.004638214 0.999947011 80.029632568
0.999808013 0.010154250 0.016755067 -5.531922340 -0.010255121 0.999929726 0.005945506 -0.820156693 -0.016693516 -0.006116190 0.999841869 80.485282898
0.998888612 0.009120559 0.046241648 -5.487492561 -0.009484351 0.999925673 0.007653877 -0.828813553 -0.046168402 -0.008083942 0.998900890 80.940353394
0.996810555 0.008696850 0.079329506 -5.431339264 -0.009465950 0.999911666 0.009324125 -0.836846590 -0.079241395 -0.010045314 0.996804833 81.392196655
0.993121564 0.008719359 0.116762958 -5.352914810 -0.009881871 0.999907076 0.009380970 -0.835447431 -0.116670310 -0.010470279 0.993115425 81.832450867
0.987343609 0.008540429 0.158365145 -5.266994476 -0.010146313 0.999904931 0.009334651 -0.840347946 -0.158270404 -0.010823332 0.987336516 82.234870911
0.979018211 0.008322982 0.203602701 -5.153249741 -0.010439617 0.999902010 0.009324093 -0.845605791 -0.203505188 -0.011253993 0.979009271 82.651222229
0.967579484 0.010437948 0.252350956 -5.015562057 -0.012712378 0.999891877 0.007384224 -0.854738057 -0.252246559 -0.010352804 0.967607617 83.052726746
0.952017426 0.011699921 0.305820227 -4.866825104 -0.013669637 0.999897301 0.004299956 -0.858529806 -0.305738568 -0.008274086 0.952079594 83.437324524
0.932303488 0.011963692 0.361479044 -4.685132980 -0.013592719 0.999905705 0.001964089 -0.860858917 -0.361421466 -0.006744609 0.932378173 83.805419922
0.908138335 0.011529946 0.418511331 -4.496238708 -0.012964558 0.999915779 0.000584543 -0.872285903 -0.418469369 -0.005956660 0.908211410 84.136276245
0.878997147 0.012244971 0.476669729 -4.283557892 -0.013220373 0.999911785 -0.001307449 -0.879250705 -0.476643682 -0.005152508 0.879081488 84.454620361
0.845508695 0.011188420 0.533844352 -4.041263580 -0.010939732 0.999933600 -0.003630341 -0.882268310 -0.533849418 -0.002770629 0.845575035 84.757217407
0.808439136 0.010637312 0.588483691 -3.782768250 -0.009824345 0.999941349 -0.004578383 -0.893959761 -0.588497818 -0.002080122 0.808496118 85.047370911
0.768238962 0.009575970 0.640091598 -3.507991791 -0.009355932 0.999949336 -0.003730549 -0.902181983 -0.640094876 -0.003122701 0.768289506 85.320915222
0.726176441 0.009384676 0.687444270 -3.213500977 -0.010890504 0.999938488 -0.002146604 -0.903762937 -0.687422097 -0.005927800 0.726233900 85.556037903
0.681544483 0.008255232 0.731729984 -2.908306122 -0.009501032 0.999951959 -0.002431848 -0.906156182 -0.731714845 -0.005294777 0.681590319 85.771804810
0.636160433 0.006264048 0.771531284 -2.573467255 -0.005895515 0.999977350 -0.003257693 -0.918697655 -0.771534204 -0.002476160 0.636182904 85.966781616
0.589404106 0.003084034 0.807832479 -2.241573334 0.000740170 0.999990165 -0.004357666 -0.922826290 -0.807838082 0.003166359 0.589396119 86.150161743
0.542880535 0.004882871 0.839795768 -1.907100677 -0.001475374 0.999987066 -0.004860534 -0.934801996 -0.839808762 0.001399676 0.542880833 86.316291809
0.495972127 0.008308129 0.868298650 -1.569248199 -0.004804324 0.999965191 -0.006823723 -0.935046017 -0.868325174 -0.000787212 0.495994925 86.471420288
0.450693816 0.009539843 0.892627537 -1.228977203 -0.005336774 0.999953866 -0.007992305 -0.950641930 -0.892662644 -0.001161669 0.450724006 86.601562500
0.408005774 0.007753881 0.912946403 -0.875104904 0.001129811 0.999958932 -0.008997824 -0.953096926 -0.912978709 0.004702622 0.407980204 86.716491699
0.367553771 0.000028374 0.930002213 -0.508018494 0.015266406 0.999865055 -0.006064069 -0.962357640 -0.929876864 0.016426666 0.367503792 86.823020935
0.332083017 -0.003282256 0.943244457 -0.141036987 0.019198537 0.999810338 -0.003280035 -0.964074850 -0.943054676 0.019198159 0.332083046 86.915061951
0.298778623 0.000430313 0.954322338 0.222585678 0.016549222 0.999847174 -0.005632061 -0.972503424 -0.954178929 0.017476032 0.298725843 87.010139465
0.268077821 0.008019614 0.963363826 0.593204498 0.005923868 0.999932706 -0.009972485 -0.985801995 -0.963379025 0.008380243 0.268012255 87.108558655
0.239568457 0.012635380 0.970797300 0.975152969 0.000568916 0.999913275 -0.013154734 -1.002757430 -0.970879316 0.003703761 0.239540502 87.198455811
0.213842839 0.014298575 0.976763546 1.366062164 0.001969463 0.999884486 -0.015068213 -1.015670180 -0.976866126 0.005145928 0.213789970 87.263458252
0.190305457 0.015794478 0.981597960 1.776632309 0.009062905 0.999799788 -0.017844411 -1.023311615 -0.981683016 0.012292016 0.190124214 87.320335388
0.170260191 0.021728024 0.985159636 2.189894676 0.016031642 0.999563456 -0.024816375 -1.026128292 -0.985268652 0.020018963 0.169837564 87.363006592
0.150539950 0.028720854 0.988186657 2.613680840 0.018246703 0.999326885 -0.031824328 -1.020687580 -0.988435566 0.022821981 0.149914548 87.415710449
0.132875651 0.029329255 0.990698695 3.053142548 0.015941400 0.999369562 -0.031724069 -1.033409834 -0.991004586 0.020008475 0.132324308 87.470703125
0.117691070 0.025126465 0.992732346 3.515404701 0.013749259 0.999542773 -0.026928857 -1.055940509 -0.992955208 0.016818617 0.117291786 87.519958496
0.103099689 0.021981869 0.994428098 3.986535072 0.014222307 0.999620914 -0.023571189 -1.073353529 -0.994569361 0.016573243 0.102747984 87.561454773
0.089919567 0.019390551 0.995760262 4.470250607 0.016566621 0.999642909 -0.020962169 -1.088640928 -0.995811224 0.018381292 0.089566246 87.593292236
0.078258798 0.018525518 0.996760964 4.961803436 0.020167535 0.999593198 -0.020161577 -1.103878260 -0.996729016 0.021680033 0.077853352 87.617584229
0.067927204 0.019279663 0.997503936 5.482319832 0.023034314 0.999516308 -0.020887133 -1.118486047 -0.997424364 0.024395626 0.067450270 87.650375366
0.060346775 0.019787997 0.997981369 6.000803947 0.025683047 0.999441683 -0.021369977 -1.130134344 -0.997847021 0.026920805 0.059804864 87.666366577
0.054786392 0.020062525 0.998296559 6.550186157 0.027350597 0.999392748 -0.021585554 -1.144568324 -0.998123467 0.028486600 0.054204401 87.692314148
0.049089726 0.021006117 0.998573422 7.115433216 0.028790945 0.999333441 -0.022437463 -1.161173105 -0.998379290 0.029851323 0.048452217 87.718521118
0.043331165 0.021815106 0.998822570 7.701117516 0.029343776 0.999302328 -0.023098584 -1.173894167 -0.998629689 0.030310113 0.042660799 87.737297058
0.038937524 0.021749603 0.999004841 8.303255081 0.031905133 0.999226213 -0.022997966 -1.189497709 -0.998732090 0.032768868 0.038213480 87.755340576
0.036026347 0.021837499 0.999112189 8.923386574 0.033462733 0.999174178 -0.023045465 -1.206347466 -0.998790443 0.034263276 0.035265863 87.773880005
0.032945197 0.021246431 0.999231219 9.562871933 0.034619100 0.999149740 -0.022386108 -1.224575043 -0.998857439 0.035330012 0.032181654 87.791732788
0.030489443 0.020593125 0.999322832 10.218282700 0.036609080 0.999093890 -0.021705350 -1.242470860 -0.998864412 0.037246078 0.029707922 87.810646057
0.029899739 0.020184383 0.999349058 10.894092560 0.041424833 0.998912036 -0.021414954 -1.260295510 -0.998694122 0.042038180 0.029031077 87.822593689
0.031026309 0.019754367 0.999323368 11.590215683 0.044951424 0.998765528 -0.021138959 -1.278999329 -0.998507321 0.045576874 0.030100023 87.837753296
0.033205882 0.019908084 0.999250293 12.297921181 0.045918923 0.998715520 -0.021423347 -1.294720411 -0.998393118 0.046595883 0.032249067 87.862197876
0.037074480 0.020007621 0.999112248 13.020063400 0.048362695 0.998592079 -0.021791818 -1.311959743 -0.998141468 0.049127676 0.036054660 87.889289856
0.041544285 0.019177219 0.998952568 13.757690430 0.049040567 0.998571515 -0.021209391 -1.335200548 -0.997932374 0.049870335 0.040544473 87.920013428
0.045582194 0.017671870 0.998804212 14.514928818 0.050488230 0.998524964 -0.019971047 -1.352053642 -0.997683942 0.051338177 0.044622730 87.951423645
0.049441013 0.016018581 0.998648524 15.278680801 0.050242517 0.998565555 -0.018504655 -1.371720791 -0.997512579 0.051089503 0.048565280 87.993545532
0.053492151 0.013725212 0.998473942 16.057693481 0.047103632 0.998757720 -0.016252642 -1.394962072 -0.997456670 0.047901142 0.052779198 88.047599792
0.057314400 0.012870056 0.998273253 16.866029739 0.046276651 0.998807788 -0.015533858 -1.409997225 -0.997283101 0.047087066 0.056650497 88.101318359
0.061392318 0.013922086 0.998016655 17.666408539 0.043531120 0.998913944 -0.016612394 -1.427724361 -0.997164011 0.044464666 0.060719606 88.161666870
0.064355358 0.017791145 0.997768521 18.458837509 0.041057780 0.998947144 -0.020460365 -1.456416249 -0.997082114 0.042282894 0.063557155 88.215705872
0.066034518 0.022958020 0.997553170 19.275178909 0.035517532 0.999047577 -0.025343547 -1.483204722 -0.997184932 0.037104163 0.065156229 88.276153564
0.065864198 0.026084347 0.997487605 20.085697174 0.032747444 0.999063134 -0.028287863 -1.508239865 -0.997291028 0.034528326 0.064948298 88.334365845
0.066102371 0.026004426 0.997473896 20.899227142 0.030468170 0.999141514 -0.028067017 -1.533847332 -0.997347534 0.032246500 0.065253332 88.394935608
0.065976061 0.024025109 0.997531950 21.726535797 0.027709100 0.999280393 -0.025899881 -1.568644881 -0.997436523 0.029349482 0.065262884 88.459312439
0.065401807 0.022952858 0.997595012 22.544158936 0.028278619 0.999291241 -0.024845818 -1.597868443 -0.997458339 0.029835571 0.064706385 88.522277832
0.065931663 0.021924924 0.997583151 23.359897614 0.026213244 0.999375403 -0.023696782 -1.633314013 -0.997479677 0.027712267 0.065315776 88.581611633
0.066186883 0.022306120 0.997557938 24.174373627 0.024285013 0.999417961 -0.023958998 -1.663447142 -0.997511804 0.025811471 0.065606661 88.639183044
0.066212788 0.022890158 0.997542977 24.987922668 0.021132659 0.999480426 -0.024337314 -1.696352482 -0.997581720 0.022692177 0.065694660 88.700347900
0.064891793 0.024458583 0.997592628 25.801311493 0.018143689 0.999505401 -0.025685702 -1.725362539 -0.997727454 0.019766800 0.064415924 88.767448425
0.061776273 0.024282346 0.997794628 26.610652924 0.015082972 0.999567151 -0.025259307 -1.755012155 -0.997976065 0.016610134 0.061383277 88.825622559
0.058303475 0.023145586 0.998030543 27.429168701 0.013042823 0.999628186 -0.023944583 -1.781080723 -0.998213708 0.014413186 0.057979904 88.872024536
0.053386074 0.020479603 0.998363912 28.241378784 0.011224784 0.999714255 -0.021107526 -1.812097430 -0.998510838 0.012333266 0.053140927 88.921737671
0.047255877 0.018419495 0.998712957 29.047760010 0.008933336 0.999782205 -0.018861908 -1.840492964 -0.998842835 0.009813176 0.047081038 88.962921143
0.039806705 0.018633256 0.999033630 29.862543106 0.008403697 0.999784470 -0.018982109 -1.868863463 -0.999171972 0.009151192 0.039641544 88.996208191
0.031331662 0.019458193 0.999319613 30.664611816 0.008224772 0.999771476 -0.019724868 -1.895742178 -0.999475181 0.008837188 0.031164471 89.020637512
0.021385388 0.019932207 0.999572575 31.469444275 0.008753596 0.999759138 -0.020123208 -1.920352817 -0.999732971 0.009180196 0.021205755 89.038223267
0.011056769 0.019049847 0.999757349 32.260162354 0.010028459 0.999766052 -0.019160915 -1.946512461 -0.999888539 0.010237885 0.010863142 89.044548035
0.000025742 0.018148109 0.999835312 33.054794312 0.008792957 0.999796569 -0.018147632 -1.973399639 -0.999961317 0.008791978 -0.000133839 89.048728943
-0.011025275 0.017194008 0.999791384 33.837772369 0.010313659 0.999800861 -0.017080436 -2.000292063 -0.999886036 0.010123191 -0.011200410 89.037460327
-0.022139432 0.017784195 0.999596715 34.619056702 0.010471935 0.999791145 -0.017555714 -2.021913052 -0.999700010 0.010079040 -0.022321042 89.021446228
-0.033240661 0.018431928 0.999277294 35.397144318 0.010488220 0.999781370 -0.018092331 -2.045995712 -0.999392331 0.009879240 -0.033426709 88.995056152
-0.043592326 0.019264378 0.998863697 36.171646118 0.009969993 0.999772668 -0.018846801 -2.074737549 -0.998999774 0.009137086 -0.043774482 88.954704285
-0.054014929 0.020330636 0.998333216 36.935127258 0.010637700 0.999747753 -0.019783888 -2.097098589 -0.998483479 0.009551344 -0.054217570 88.913429260
-0.063446358 0.020929554 0.997765779 37.694782257 0.011663100 0.999727368 -0.020229062 -2.127318144 -0.997917116 0.010353581 -0.063673168 88.859939575
-0.073088676 0.021511005 0.997093439 38.460491180 0.012526742 0.999708295 -0.020649184 -2.151604176 -0.997246921 0.010981108 -0.073336825 88.803878784
-0.082585804 0.021880772 0.996343672 39.201770782 0.013267346 0.999694467 -0.020854641 -2.177928209 -0.996495724 0.011496539 -0.082850873 88.744697571
-0.091030836 0.021218447 0.995621920 39.935241699 0.014549138 0.999694645 -0.019974994 -2.203046322 -0.995741844 0.012667103 -0.091311738 88.671562195
-0.098334491 0.020005919 0.994952321 40.672775269 0.016131386 0.999698639 -0.018507037 -2.231795788 -0.995022714 0.014230083 -0.098627575 88.590812683
-0.103793010 0.018369926 0.994429350 41.395168304 0.018909631 0.999685168 -0.016493337 -2.256431103 -0.994419217 0.017092399 -0.104107715 88.516716003
-0.107361071 0.016918996 0.994076192 42.103752136 0.022285705 0.999644816 -0.014606904 -2.277713537 -0.993970394 0.020585477 -0.107700005 88.431137085
-0.109988376 0.016057862 0.993803263 42.812767029 0.023517253 0.999631584 -0.013549287 -2.292622566 -0.993654668 0.021881253 -0.110325508 88.349563599
-0.111772031 0.015162827 0.993618190 43.499568939 0.023520382 0.999643862 -0.012608977 -2.313849688 -0.993455529 0.021960950 -0.112088859 88.273727417
-0.112425990 0.015634762 0.993537068 44.166130066 0.024638357 0.999612629 -0.012942362 -2.332529068 -0.993354559 0.023024067 -0.112767667 88.192924500
-0.111310259 0.016638799 0.993646443 44.818099976 0.025288610 0.999583483 -0.013905338 -2.352046967 -0.993463933 0.023580130 -0.111684658 88.120285034
-0.108231716 0.018100655 0.993960857 45.438442230 0.026145747 0.999540210 -0.015355268 -2.374670029 -0.993781805 0.024325924 -0.108655199 88.053054810
-0.103223920 0.018676005 0.994482756 46.071243286 0.026312502 0.999525070 -0.016039552 -2.394202948 -0.994310081 0.024511665 -0.103666335 87.987792969
-0.095126979 0.019530835 0.995273530 46.668457031 0.025996253 0.999515295 -0.017129386 -2.411444902 -0.995125711 0.024243915 -0.095588610 87.935264587
-0.084126323 0.019438799 0.996265471 47.248794556 0.024368435 0.999550879 -0.017445192 -2.434453011 -0.996157169 0.022809830 -0.084562220 87.898040771
-0.070305765 0.019427313 0.997336328 47.802928925 0.024061203 0.999552429 -0.017774327 -2.458364248 -0.997235239 0.022747476 -0.070741743 87.866394043
-0.053349145 0.020493580 0.998365581 48.347858429 0.022642119 0.999557197 -0.019308122 -2.486022234 -0.998319149 0.021575039 -0.053789560 87.854446411
-0.032199383 0.023317436 0.999209404 48.879997253 0.021291947 0.999517083 -0.022638485 -2.503683567 -0.999254704 0.020546168 -0.032680295 87.855773926
-0.007273583 0.026305391 0.999627471 49.404609680 0.019201430 0.999473393 -0.026161619 -2.527103424 -0.999789238 0.019003987 -0.007774847 87.867996216
0.020595253 0.028095612 0.999393046 49.918354034 0.017545512 0.999441028 -0.028458532 -2.545600891 -0.999633968 0.018120978 0.020090792 87.908081055
0.053678930 0.027581388 0.998177171 50.426231384 0.014766249 0.999487221 -0.028411666 -2.568149567 -0.998449028 0.016264442 0.053244136 87.955696106
0.093296140 0.024790585 0.995329678 50.903198242 0.013829441 0.999561250 -0.026192265 -2.592599630 -0.995542407 0.016208488 0.092912361 87.989181519
0.134660438 0.021053348 0.990668118 51.433078766 0.011659826 0.999671340 -0.022829581 -2.614927530 -0.990823150 0.014625259 0.134370685 88.098274231
0.180384815 0.016758408 0.983453393 51.923572540 0.009085034 0.999783754 -0.018703058 -2.634034157 -0.983554125 0.012308454 0.180193514 88.209030151
0.228783667 0.013585355 0.973382533 52.408130646 0.004758522 0.999875009 -0.015073545 -2.648835182 -0.973465621 0.008080444 0.228690386 88.352455139
0.280582726 0.011975437 0.959755063 52.877418518 0.001135971 0.999917209 -0.012808659 -2.667786598 -0.959829092 0.004684142 0.280545950 88.521682739
0.335198224 0.011475212 0.942077816 53.316574097 -0.000494415 0.999927759 -0.012003948 -2.687338591 -0.942147553 0.003557924 0.335179657 88.714668274
0.389879227 0.012936808 0.920775175 53.743736267 0.002149110 0.999885738 -0.014958294 -2.690775394 -0.920863450 0.007810777 0.389806956 88.964096069
0.450433701 0.015232209 0.892679930 54.163085938 0.003448240 0.999817252 -0.018800275 -2.714482784 -0.892803192 0.011546454 0.450298905 89.202247620
0.510759890 0.018607179 0.859522164 54.561111450 0.004550101 0.999693215 -0.024345482 -2.730200768 -0.859711468 0.016345609 0.510518551 89.466003418
0.569934905 0.024070915 0.821337283 54.922096252 0.001031731 0.999549031 -0.030009691 -2.724659204 -0.821689248 0.017950973 0.569653094 89.749504089
0.623039126 0.026272396 0.781749189 55.242378235 -0.002545225 0.999498546 -0.031561833 -2.745627165 -0.782186627 0.017674532 0.622793734 90.095329285
0.676387489 0.026472222 0.736070096 55.569602966 -0.003831760 0.999466896 -0.032424018 -2.767854452 -0.736536086 0.019110750 0.676128328 90.439254761
0.725350261 0.024177372 0.687955260 55.857704163 -0.003868065 0.999510407 -0.031048290 -2.788503408 -0.688369095 0.019859826 0.725088716 90.792465210
0.769703925 0.022199104 0.638014913 56.105258942 -0.006677934 0.999620497 -0.026724530 -2.792797327 -0.638366103 0.016309351 0.769560158 91.178977966
0.811504185 0.018710969 0.584046900 56.367725372 -0.008099685 0.999751389 -0.020774672 -2.793354988 -0.584290445 0.012128140 0.811453879 91.594528198
0.848314047 0.016640767 0.529231906 56.588146210 -0.010472135 0.999837875 -0.014652191 -2.800359726 -0.529389799 0.006887474 0.848350763 92.017822266
0.879250228 0.013429154 0.476170897 56.769104004 -0.011293727 0.999909282 -0.007345930 -2.808841944 -0.476226270 0.001081168 0.879322112 92.448524475
0.904989719 0.014495717 0.425186515 56.927871704 -0.015263926 0.999882340 -0.001600031 -2.822695971 -0.425159574 -0.005042003 0.905104399 92.874984741
0.924883664 0.015786521 0.379922390 57.041168213 -0.018084045 0.999833465 0.002478795 -2.841285467 -0.379819870 -0.009163129 0.925015092 93.278404236
0.940000176 0.021812089 0.340476304 57.164848328 -0.024980368 0.999675810 0.004924062 -2.846516609 -0.340258569 -0.013133842 0.940240264 93.734535217
0.951907754 0.026122963 0.305269063 57.276832581 -0.028753687 0.999577999 0.004123963 -2.848252058 -0.305032521 -0.012703246 0.952257276 94.194824219
0.961095095 0.028430438 0.274750590 57.380920410 -0.030771632 0.999517620 0.004213783 -2.847018242 -0.274498254 -0.012504371 0.961506367 94.659652710
0.967160583 0.023441302 0.253082722 57.490928650 -0.025342166 0.999669731 0.004253076 -2.850892305 -0.252899468 -0.010527073 0.967435360 95.125244141
0.971200705 0.020016210 0.237420380 57.600006104 -0.021955302 0.999743640 0.005525751 -2.862247944 -0.237248912 -0.010579251 0.971391380 95.607437134
0.974023700 0.024686128 0.225096554 57.690910339 -0.026516441 0.999635339 0.005111199 -2.865975618 -0.224888384 -0.010947191 0.974323034 96.101417542
0.976045251 0.029991204 0.215490818 57.778942108 -0.032062307 0.999467075 0.006121066 -2.865829468 -0.215192437 -0.012883568 0.976486683 96.623680115
0.977276862 0.036138456 0.208863214 57.884635925 -0.037767094 0.999279320 0.003813501 -2.851043940 -0.208574876 -0.011615004 0.977937400 97.105468750
0.977608740 0.042010311 0.206194788 57.976924896 -0.043007161 0.999074817 0.000352761 -2.855682135 -0.205989182 -0.009212716 0.978510857 97.623641968
0.977753520 0.043558642 0.205184251 58.085983276 -0.043988407 0.999028921 -0.002468594 -2.859716892 -0.205092520 -0.006612054 0.978720188 98.164505005
0.977165461 0.042656220 0.208154052 58.196949005 -0.042364240 0.999085009 -0.005862578 -2.872054577 -0.208213687 -0.003089582 0.978078425 98.698417664
0.976420343 0.040967774 0.211954758 58.320129395 -0.039148778 0.999151766 -0.012773255 -2.870272160 -0.212298259 0.004174296 0.977195978 99.255088806
0.975680530 0.040609919 0.215402707 58.459075928 -0.037792645 0.999137819 -0.017183455 -2.877897263 -0.215914816 0.008624924 0.976374209 99.800498962
0.974480927 0.045125574 0.219887823 58.580631256 -0.042384271 0.998953700 -0.017171048 -2.882298946 -0.220432669 0.007413070 0.975374162 100.380172729
0.972975731 0.048629019 0.225728706 58.707065582 -0.046930309 0.998815000 -0.012888672 -2.898469210 -0.226088002 0.001946843 0.974105060 100.973358154
0.972035229 0.045306239 0.230423361 58.853778839 -0.044582244 0.998970747 -0.008350297 -2.908001423 -0.230564564 -0.002156011 0.973054707 101.568061829
0.971313059 0.041134864 0.234219834 59.005439758 -0.041693479 0.999127150 -0.002568295 -2.920849323 -0.234121069 -0.007270821 0.972180367 102.190231323
0.970582962 0.038723048 0.237632737 59.165607452 -0.040409945 0.999180794 0.002229878 -2.931181431 -0.237351656 -0.011767010 0.971352518 102.812255859
0.969993412 0.034031350 0.240737811 59.323211670 -0.035762064 0.999356389 0.002822656 -2.936708927 -0.240486786 -0.011347239 0.970586061 103.450241089
0.970006108 0.030491194 0.241160333 59.484088898 -0.031314224 0.999509513 -0.000419839 -2.941209078 -0.241054863 -0.007144501 0.970485151 104.092552185
0.970175683 0.029772129 0.240567416 59.648620605 -0.028900534 0.999556720 -0.007151160 -2.951643467 -0.240673691 -0.000014644 0.970606029 104.735839844
0.970308602 0.032383945 0.239692599 59.807273865 -0.029933691 0.999455750 -0.013856967 -2.959811687 -0.240010932 0.006270649 0.970749974 105.377388000
0.970915139 0.035128046 0.236833021 59.966171265 -0.031840436 0.999336243 -0.017693356 -2.966157436 -0.237297401 0.009637877 0.971389353 106.054054260
0.971478939 0.033934396 0.234685183 60.124996185 -0.031628098 0.999407291 -0.013585196 -2.974121571 -0.235007152 0.005775084 0.971976519 106.748741150
0.971865356 0.029598650 0.233670130 60.291450500 -0.029033035 0.999561191 -0.005860670 -2.988567829 -0.233741090 -0.001088372 0.972298265 107.461105347
0.972493649 0.030236011 0.230958670 60.463890076 -0.031090312 0.999516666 0.000059502 -3.001306295 -0.230845213 -0.007238442 0.972963572 108.184814453
0.972744167 0.033678431 0.229422569 60.622531891 -0.034448646 0.999406278 -0.000648209 -3.010292292 -0.229308218 -0.007272756 0.973326743 108.915893555
0.973073483 0.039198183 0.227138221 60.779380798 -0.038991578 0.999224961 -0.005398171 -3.016972303 -0.227173775 -0.003603663 0.973847568 109.642707825
0.973955750 0.040021185 0.223178700 60.946075439 -0.038643721 0.999197423 -0.010537746 -3.027020931 -0.223421335 0.001638840 0.974720597 110.375831604
0.974912822 0.038641106 0.219207987 61.114295959 -0.036550183 0.999239385 -0.013587457 -3.034788132 -0.219566330 0.005234492 0.975583494 111.132141113
0.975864112 0.036569528 0.215295106 61.283378601 -0.034793694 0.999322057 -0.012033852 -3.047234058 -0.215589210 0.004252492 0.976474881 111.907379150
0.976693451 0.032909438 0.212101042 61.449630737 -0.031553578 0.999454260 -0.009775057 -3.065135002 -0.212307006 0.002854686 0.977198839 112.681228638
0.977116048 0.031586621 0.210348815 61.617340088 -0.030803369 0.999500871 -0.006999780 -3.078316450 -0.210464939 0.000360145 0.977601349 113.474121094
0.977451086 0.028785223 0.209191248 61.784591675 -0.028441580 0.999584556 -0.004651318 -3.089404106 -0.209238246 -0.001403294 0.977863669 114.273849487
0.977640569 0.023648623 0.208949164 61.957954407 -0.023462383 0.999719024 -0.003370229 -3.100890636 -0.208970144 -0.001607571 0.977920651 115.068603516
0.977771699 0.024396420 0.208248317 62.125331879 -0.024551844 0.999696910 -0.001838799 -3.109779596 -0.208230048 -0.003314954 0.978074193 115.873031616
0.977566600 0.029970782 0.208483696 62.292552948 -0.029862804 0.999547243 -0.003666169 -3.122798920 -0.208499178 -0.002641983 0.978018880 116.693244934
0.977280855 0.035298645 0.208988249 62.456802368 -0.034594607 0.999376714 -0.007024318 -3.134433270 -0.209105983 -0.000365134 0.977892935 117.500854492
0.976751506 0.043919869 0.209827632 62.621513367 -0.043038338 0.999034882 -0.008767812 -3.141093731 -0.210010245 -0.000466660 0.977699161 118.332855225
0.975823939 0.049830720 0.212801561 62.786598206 -0.049178548 0.998754978 -0.008360249 -3.151697159 -0.212953225 -0.002307141 0.977059662 119.160957336
0.974991739 0.052325226 0.215993404 62.954811096 -0.052238066 0.998615980 -0.006116495 -3.172830343 -0.216014490 -0.005319545 0.976375759 120.003974915
0.974436045 0.052984610 0.218328014 63.140266418 -0.052788213 0.998582959 -0.006736668 -3.195643902 -0.218375608 -0.004960695 0.975852132 120.835098267
0.974083364 0.051447701 0.220260590 63.324806213 -0.050520461 0.998674572 -0.009844549 -3.203958988 -0.220475137 -0.001538258 0.975391388 121.667251587
0.974056959 0.045206390 0.221741915 63.519790649 -0.044466734 0.998976231 -0.008329422 -3.221516371 -0.221891448 -0.001746807 0.975069761 122.506668091
0.974351108 0.038762357 0.221669883 63.721664429 -0.037534710 0.999247730 -0.009749737 -3.243820667 -0.221881062 0.001179352 0.975073040 123.330848694
0.974110484 0.037720043 0.222903579 63.908542633 -0.036464214 0.999287367 -0.009748569 -3.263064861 -0.223112449 0.001368179 0.974791765 124.162101746
0.973550975 0.040080007 0.224926740 64.095527649 -0.039533712 0.999194086 -0.006933912 -3.277425289 -0.225023404 -0.002141675 0.974350989 125.009872437
0.973109543 0.042336442 0.226418808 64.278961182 -0.043187384 0.999066234 -0.001196270 -3.291004181 -0.226258069 -0.008614337 0.974029303 125.855369568
0.972705901 0.046477601 0.227339059 64.463943481 -0.048407994 0.998823345 0.002920002 -3.308612108 -0.226935849 -0.013845331 0.973811328 126.693389893
0.972556174 0.045301460 0.228215247 64.654533386 -0.045726478 0.998948097 -0.003427643 -3.324389935 -0.228130490 -0.007101903 0.973604739 127.504219055
0.972846925 0.041221030 0.227749065 64.848632812 -0.038111277 0.999110639 -0.018037103 -3.340929270 -0.228290051 0.008867534 0.973552883 128.310119629
