1.000000000 0.000000000 0.000000000 0.000000000 0.000000000 1.000000000 0.000000000 0.000000000 0.000000000 0.000000000 0.999999940 0.000000000
0.999991357 -0.002442813 -0.003364767 -0.002888165 0.002435374 0.999994576 -0.002213129 -0.005032740 0.003370155 0.002204915 0.999991834 0.666580260
0.999970257 -0.001578813 -0.007547925 -0.010610756 0.001552480 0.999992728 -0.003493355 -0.010419987 0.007553386 0.003481534 0.999965370 1.364995718
0.999933720 -0.001236702 -0.011446677 -0.025438573 0.001180422 0.999987185 -0.004922193 -0.012606241 0.011452620 0.004908355 0.999922335 2.065587282
0.999867618 0.000094186 -0.016272735 -0.046692681 -0.000186211 0.999984026 -0.005653753 -0.015082806 0.016271941 0.005656035 0.999851584 2.792397022
0.999785960 -0.000679845 -0.020675210 -0.064714029 0.000563161 0.999983907 -0.005648980 -0.029205855 0.020678714 0.005636129 0.999770224 3.532963514
0.999681354 0.001099473 -0.025214842 -0.089502826 -0.001275882 0.999974787 -0.006981206 -0.032969650 0.025206532 0.007011153 0.999657631 4.287824154
0.999548256 0.003795299 -0.029813439 -0.123201638 -0.004022292 0.999963403 -0.007557515 -0.043827362 0.029783662 0.007674020 0.999526858 5.047069073
0.999412417 0.003985559 -0.034043383 -0.160468429 -0.004191774 0.999973238 -0.005988201 -0.051349949 0.034018610 0.006127384 0.999402404 5.840743542
0.999247193 0.003386189 -0.038646489 -0.194526374 -0.003518770 0.999988198 -0.003363102 -0.057932280 0.038634639 0.003496558 0.999247253 6.641565800
0.999129713 0.003014904 -0.041604672 -0.238395870 -0.003046412 0.999995232 -0.000693921 -0.064083882 0.041602377 0.000820062 0.999133825 7.443946838
0.999017417 0.004847991 -0.044053201 -0.293505341 -0.004919458 0.999986768 -0.001514022 -0.075270437 0.044045277 0.001729253 0.999027967 8.260062218
0.998928785 0.004411829 -0.046064526 -0.340177953 -0.004495538 0.999988437 -0.001713775 -0.080510020 0.046056431 0.001919023 0.998936951 9.079785347
0.998866856 0.001866917 -0.047555849 -0.385489941 -0.001983061 0.999995172 -0.002395211 -0.087396041 0.047551155 0.002486803 0.998865664 9.905114174
0.998753130 0.001237505 -0.049906410 -0.424961686 -0.001305012 0.999998331 -0.001320110 -0.098760776 0.049904682 0.001383592 0.998753011 10.754911423
0.998673081 -0.000305965 -0.051497117 -0.470169246 0.000225287 0.999998808 -0.001572435 -0.106672570 0.051497526 0.001558748 0.998671889 11.608306885
0.998577774 0.001741463 -0.053285796 -0.522807062 -0.001947126 0.999990940 -0.003807952 -0.117021307 0.053278673 0.003906291 0.998571992 12.465547562
0.998528063 0.002773796 -0.054165199 -0.585893691 -0.003123411 0.999974787 -0.006371012 -0.131202683 0.054146167 0.006530814 0.998511672 13.327596664
0.998428047 0.006570941 -0.055661254 -0.646277905 -0.007016876 0.999944806 -0.007819933 -0.145230785 0.055606794 0.008198208 0.998419106 14.203014374
0.998355329 0.007801490 -0.056796376 -0.699200809 -0.008236328 0.999938548 -0.007426021 -0.156415418 0.056734949 0.007881601 0.998358190 15.097537994
0.998279572 0.006354376 -0.058288749 -0.755653679 -0.006699659 0.999961078 -0.005730148 -0.171788722 0.058250081 0.006110804 0.998283267 15.981197357
0.998215914 0.006968320 -0.059300628 -0.819339395 -0.007242982 0.999963939 -0.004417998 -0.182062566 0.059267711 0.004839628 0.998230398 16.876007080
0.998166025 0.006616240 -0.060173977 -0.879350722 -0.006882277 0.999967396 -0.004214939 -0.197728515 0.060144126 0.004621343 0.998178959 17.785320282
0.998038173 0.006580784 -0.062260624 -0.932950139 -0.006905297 0.999963582 -0.004998422 -0.212307736 0.062225476 0.005418544 0.998047352 18.686496735
0.997992754 0.005133764 -0.063120008 -0.996596515 -0.005496887 0.999969304 -0.005580571 -0.224861115 0.063089415 0.005916332 0.997990310 19.598865509
0.997951925 0.004919064 -0.063778356 -1.053721905 -0.005187924 0.999978364 -0.004050611 -0.234046549 0.063757040 0.004373191 0.997955799 20.516435623
0.997949779 0.006679213 -0.063652784 -1.118103147 -0.006735747 0.999977112 -0.000673606 -0.244314536 0.063646816 0.001100975 0.997971892 21.446363449
0.998001814 0.007812560 -0.062700428 -1.180532932 -0.007641515 0.999966443 0.002967308 -0.251868874 0.062721506 -0.002482252 0.998027980 22.377161026
0.998116016 0.006865289 -0.060968745 -1.244657159 -0.006529621 0.999962449 0.005703101 -0.256464481 0.061005607 -0.005294254 0.998123467 23.312843323
0.998200119 0.006449097 -0.059623558 -1.298138857 -0.006050202 0.999958158 0.006868345 -0.266312450 0.059665363 -0.006495246 0.998197258 24.254983902
0.998281658 0.006910770 -0.058189090 -1.354005337 -0.006685453 0.999969423 0.004065944 -0.272786587 0.058215410 -0.003669936 0.998297274 25.199516296
0.998332918 0.007501584 -0.057228711 -1.414715767 -0.007550514 0.999971330 -0.000638792 -0.277508259 0.057222281 0.001069833 0.998360872 26.136413574
0.998393893 0.007123062 -0.056204386 -1.465122581 -0.007338588 0.999966443 -0.003629218 -0.289123893 0.056176651 0.004035851 0.998412669 27.091268539
0.998438299 0.004398494 -0.055692848 -1.515476704 -0.004554846 0.999986053 -0.002680750 -0.298299253 0.055680282 0.002930236 0.998444259 28.049615860
0.998462439 0.003087536 -0.055347718 -1.581392288 -0.002969989 0.999993145 0.002205961 -0.307931721 0.055354156 -0.002038187 0.998464644 29.029468536
0.998420119 -0.000811105 -0.056182988 -1.630784631 0.001146635 0.999981701 0.005940125 -0.320425510 0.056177139 -0.005995161 0.998402774 29.985355377
0.998314500 -0.008289672 -0.057440318 -1.677002788 0.008617002 0.999947965 0.005453232 -0.327455521 0.057392117 -0.005939003 0.998333991 30.961984634
0.998208106 -0.010873456 -0.058841255 -1.729501247 0.010984986 0.999938428 0.001572297 -0.333116621 0.058820534 -0.002215850 0.998266041 31.929462433
0.998131692 -0.010555360 -0.060178809 -1.792640448 0.010424261 0.999942601 -0.002492023 -0.338693231 0.060201664 0.001860047 0.998184443 32.903915405
0.998031378 -0.009390168 -0.062007409 -1.868652821 0.009223077 0.999952972 -0.002980406 -0.351449549 0.062032487 0.002402640 0.998071134 33.889118195
0.997962594 -0.009446802 -0.063098811 -1.917438745 0.009364328 0.999954879 -0.001602674 -0.362829506 0.063111104 0.001008531 0.998005986 34.880096436
0.997920096 -0.006522188 -0.064133435 -1.989437461 0.006612182 0.999977469 0.001191058 -0.375094742 0.064124227 -0.001612643 0.997940660 35.876289368
0.997826397 -0.006151533 -0.065610848 -2.055661201 0.006327102 0.999976993 0.002468473 -0.387104124 0.065594137 -0.002878233 0.997842193 36.866046906
0.997761607 -0.004992624 -0.066686004 -2.122674227 0.005341684 0.999972999 0.005057100 -0.394662380 0.066658944 -0.005401995 0.997761130 37.842716217
0.997777045 -0.005245538 -0.066433206 -2.190298319 0.005805249 0.999949157 0.008234923 -0.401419014 0.066386662 -0.008602278 0.997756839 38.843070984
0.997754395 0.000420487 -0.066979133 -2.267121315 0.000281813 0.999945045 0.010475563 -0.403462201 0.066979870 -0.010470913 0.997699380 39.826522827
0.997743607 0.000747419 -0.067135602 -2.347190619 -0.000107052 0.999954402 0.009541498 -0.403256983 0.067139685 -0.009512777 0.997698247 40.829376221
0.997747064 0.000584147 -0.067085199 -2.406193733 -0.000029685 0.999965847 0.008265749 -0.412127823 0.067087740 -0.008245134 0.997712970 41.811347961
0.997742653 0.002894871 -0.067091510 -2.484909296 -0.002506413 0.999979615 0.005873437 -0.414731324 0.067107148 -0.005692020 0.997729480 42.806934357
0.997708917 0.002353686 -0.067612268 -2.562132597 -0.001953295 0.999980152 0.005987362 -0.419014186 0.067625038 -0.005841578 0.997693658 43.779674530
0.997607708 -0.000176602 -0.069128633 -2.622995377 0.000690130 0.999972343 0.007404769 -0.429648995 0.069125414 -0.007434762 0.997580230 44.774951935
0.997552931 0.000464274 -0.069913171 -2.694692850 0.000125712 0.999964416 0.008434207 -0.435430884 0.069914602 -0.008422356 0.997517407 45.760887146
0.997554243 0.002991557 -0.069831118 -2.779510260 -0.002656070 0.999984503 0.004896624 -0.446047723 0.069844693 -0.004699172 0.997546732 46.736454010
0.997459650 0.003421250 -0.071149975 -2.848344088 -0.003377894 0.999994040 0.000729682 -0.454205155 0.071152039 -0.000487491 0.997465372 47.697315216
0.997415066 0.004011173 -0.071742184 -2.911243916 -0.004056980 0.999991655 -0.000492780 -0.459330767 0.071739614 0.000782563 0.997423053 48.659984589
0.997420013 0.002987042 -0.071724296 -2.985113621 -0.002759928 0.999990821 0.003265395 -0.473211110 0.071733393 -0.003059016 0.997419119 49.639873505
0.997428894 0.000895534 -0.071657009 -3.058795929 -0.000457721 0.999981046 0.006126044 -0.481071472 0.071661130 -0.006077495 0.997410476 50.605411530
0.997383356 -0.001354349 -0.072281688 -3.118064404 0.001876147 0.999972701 0.007151557 -0.493634284 0.072270028 -0.007268453 0.997358561 51.554283142
0.997377694 -0.004472204 -0.072234623 -3.192672968 0.004926836 0.999969244 0.006116875 -0.504865646 0.072205059 -0.006456723 0.997368813 52.507362366
0.997303963 -0.007530757 -0.072993696 -3.251824379 0.007891162 0.999958038 0.004650342 -0.508656025 0.072955616 -0.005213810 0.997321486 53.457416534
0.997231960 -0.008804040 -0.073829912 -3.324860334 0.009237284 0.999942064 0.005528734 -0.515480757 0.073776968 -0.006195417 0.997255385 54.412124634
0.997105539 -0.012015875 -0.075075075 -3.395000219 0.012788354 0.999870002 0.009817160 -0.520924926 0.074947357 -0.010748831 0.997129560 55.358295441
0.997047544 -0.012719423 -0.075725392 -3.461960554 0.013879195 0.999794066 0.014808960 -0.524462044 0.075521432 -0.015816249 0.997018695 56.302635193
0.997048199 -0.010936067 -0.075994954 -3.543985367 0.012227930 0.999788225 0.016554827 -0.519368172 0.075797819 -0.017435221 0.996970713 57.249950409
0.996944845 -0.009699171 -0.077504195 -3.619281769 0.010701455 0.999864280 0.012527114 -0.520080268 0.077372171 -0.013318251 0.996913314 58.179817200
0.996868968 -0.007693659 -0.078695402 -3.697098017 0.008096489 0.999955773 0.004801058 -0.524331391 0.078654982 -0.005423183 0.996887147 59.084747314
0.996777236 -0.006638097 -0.079943582 -3.769762039 0.006707743 0.999977291 0.000602685 -0.539821208 0.079937756 -0.001136983 0.996799171 60.006389618
0.996753812 -0.001429583 -0.080497243 -3.857130051 0.001538600 0.999998093 0.001292298 -0.547953427 0.080495238 -0.001411956 0.996753991 60.905376434
0.996618390 0.001350061 -0.082159013 -3.937235355 -0.001036957 0.999992132 0.003853501 -0.562358499 0.082163550 -0.003755274 0.996611714 61.806079865
0.996536374 0.003344401 -0.083090417 -4.012470722 -0.002911072 0.999981523 0.005335761 -0.574776053 0.083106719 -0.005075397 0.996527672 62.685195923
0.996423781 0.003814988 -0.084409922 -4.088465691 -0.003408757 0.999981821 0.004956198 -0.580551863 0.084427319 -0.004650739 0.996418715 63.553073883
0.996301055 0.005477595 -0.085756235 -4.169166565 -0.004980254 0.999969423 0.006012355 -0.591268182 0.085786566 -0.005563027 0.996297896 64.398979187
0.996168256 0.006612031 -0.087206937 -4.247789383 -0.006058935 0.999959826 0.006605519 -0.601536751 0.087247118 -0.006051825 0.996168256 65.239089966
0.996050954 0.006244335 -0.088562630 -4.319206238 -0.005633448 0.999958634 0.007146070 -0.612941921 0.088603586 -0.006618937 0.996044934 66.052284241
0.995954692 0.006065023 -0.089651361 -4.393997192 -0.005356330 0.999952435 0.008143467 -0.617957115 0.089696482 -0.007630321 0.995939970 66.856300354
0.995808601 0.008716675 -0.091044828 -4.474353790 -0.007755619 0.999910474 0.010904356 -0.623651385 0.091131724 -0.010152539 0.995787084 67.656074524
0.995670438 0.010284563 -0.092383519 -4.551645756 -0.008933273 0.999847114 0.015028613 -0.628192663 0.092523955 -0.014138253 0.995610058 68.449401855
0.995497465 0.013364517 -0.093840681 -4.637381554 -0.011845899 0.999789953 0.016721420 -0.630925536 0.094044462 -0.015534503 0.995446801 69.220115662
0.995334566 0.016068192 -0.095136166 -4.717850208 -0.014941875 0.999809742 0.012539572 -0.635358453 0.095319554 -0.011059558 0.995385170 69.964073181
0.995191574 0.016100181 -0.096615635 -4.789510727 -0.015645189 0.999862611 0.005465102 -0.643476605 0.096690364 -0.003927253 0.995306671 70.686012268
0.995063484 0.015249929 -0.098062217 -4.863073349 -0.015369507 0.999881744 -0.000464077 -0.650268197 0.098043539 0.001968954 0.995180130 71.395202637
0.995015442 0.015807832 -0.098460399 -4.936704636 -0.016042467 0.999870002 -0.001591732 -0.656044722 0.098422430 0.003163346 0.995139658 72.085517883
0.994907498 0.018706007 -0.099041693 -5.017306328 -0.018611938 0.999825060 0.001873771 -0.664720416 0.099059410 -0.000020871 0.995081484 72.764083862
0.994778216 0.019073330 -0.100261994 -5.090167046 -0.018742179 0.999815404 0.004243831 -0.681728125 0.100324430 -0.002342541 0.994951963 73.414962769
0.994757056 0.015886270 -0.101024672 -5.156466484 -0.015886288 0.999873519 0.000804392 -0.689169109 0.101024665 0.000804733 0.994883537 74.045349121
0.994813740 0.007626973 -0.101427130 -5.201165199 -0.008078969 0.999959290 -0.004046341 -0.707365811 0.101392120 0.004844783 0.994834721 74.662010193
0.994924664 0.003835621 -0.100549012 -5.253072739 -0.004774872 0.999947250 -0.009102226 -0.711176753 0.100508772 0.009536140 0.994890451 75.259460449
0.995211899 0.005856886 -0.097565383 -5.309442520 -0.006804317 0.999932945 -0.009380837 -0.722459018 0.097503886 0.009999786 0.995184898 75.843536377
0.995583773 0.011169100 -0.093210667 -5.376295090 -0.011782099 0.999912381 -0.006028735 -0.739845037 0.093135171 0.007100327 0.995628119 76.409545898
0.996019542 0.009603614 -0.088617228 -5.425121307 -0.009909767 0.999946237 -0.003015444 -0.748285294 0.088583529 0.003881617 0.996061146 76.967338562
0.996548653 0.006064317 -0.082789250 -5.461739540 -0.006013137 0.999981523 0.000867524 -0.753832817 0.082793005 -0.000366707 0.996566653 77.512626648
0.997220337 0.001415269 -0.074495167 -5.492173195 -0.001071642 0.999988496 0.004652540 -0.771352649 0.074500896 -0.004559776 0.997210443 78.041236877
0.997933865 0.005126253 -0.064044245 -5.518838406 -0.004851114 0.999978304 0.004450828 -0.776652098 0.064065680 -0.004130945 0.997937083 78.554420471
0.998750269 0.010342686 -0.048896845 -5.546185493 -0.010167425 0.999940991 0.003831685 -0.781826973 0.048933581 -0.003329741 0.998796463 79.057266235
0.999412894 0.015289594 -0.030659914 -5.562425137 -0.015162137 0.999875426 0.004385306 -0.786989450 0.030723136 -0.003917862 0.999520242 79.552780151
0.999865055 0.013972137 -0.008650109 -5.549335003 -0.013926960 0.999889135 0.005261297 -0.796238542 0.008722652 -0.005140117 0.999948680 80.032379150
0.999792159 0.010322290 0.017579285 -5.519358158 -0.010433778 0.999925971 0.006262023 -0.803855658 -0.017513340 -0.006444140 0.999825835 80.487426758
0.998860121 0.009225680 0.046832539 -5.471849918 -0.009593792 0.999924839 0.007641441 -0.808606565 -0.046758518 -0.008082032 0.998873532 80.944313049
0.996760130 0.008665863 0.079963721 -5.414744854 -0.009450061 0.999910831 0.009433684 -0.817703605 -0.079874851 -0.010158781 0.996753156 81.394256592
0.993001759 0.008804212 0.117771454 -5.341832161 -0.010017371 0.999902666 0.009712964 -0.819366395 -0.117674470 -0.010824749 0.992993236 81.838882446
0.987170279 0.008739609 0.159431398 -5.254843712 -0.010432293 0.999897659 0.009783092 -0.825475633 -0.159329638 -0.011320814 0.987160563 82.242645264
0.978811920 0.008401596 0.204588860 -5.139486313 -0.010571177 0.999898791 0.009513945 -0.828014791 -0.204488248 -0.011475108 0.978801847 82.659484863
0.967333913 0.010457977 0.253289372 -5.001945496 -0.012755440 0.999890983 0.007429967 -0.835972309 -0.253184199 -0.010418078 0.967362106 83.059951782
0.951775372 0.011466829 0.306580961 -4.850660324 -0.013587117 0.999896228 0.004782569 -0.843835711 -0.306494355 -0.008717485 0.951832592 83.443214417
0.931923866 0.012182200 0.362449050 -4.672168732 -0.013907244 0.999900937 0.002150645 -0.842702389 -0.362386972 -0.007044905 0.932001173 83.811164856
0.907644391 0.011776924 0.419574589 -4.479717255 -0.013393638 0.999909818 0.000907579 -0.855870306 -0.419526160 -0.006443389 0.907720387 84.146797180
0.878822505 0.012210123 0.476992458 -4.261722565 -0.013259280 0.999911427 -0.001166661 -0.861195087 -0.476964474 -0.005299288 0.878906548 84.455932617
0.845239043 0.011061603 0.534273803 -4.020214081 -0.011142507 0.999933183 -0.003074796 -0.867972255 -0.534271955 -0.003354211 0.845305920 84.759819031
0.808298051 0.010562194 0.588678777 -3.758861542 -0.009810524 0.999941826 -0.004470610 -0.875688553 -0.588691831 -0.002161662 0.808354676 85.047554016
0.768229008 0.009489260 0.640104711 -3.482860565 -0.009117059 0.999950886 -0.003881872 -0.881627917 -0.640110135 -0.002853706 0.768277884 85.318054199
0.726025403 0.009259750 0.687605441 -3.191307068 -0.010760962 0.999939859 -0.002103622 -0.884716332 -0.687583685 -0.005872013 0.726081431 85.553604126
0.681278169 0.008182131 0.731978834 -2.883880615 -0.009319147 0.999953449 -0.002503922 -0.885700703 -0.731965303 -0.005115550 0.681322753 85.773498535
0.635449052 0.006082575 0.772118747 -2.553165436 -0.005847500 0.999978244 -0.003065143 -0.900843799 -0.772120595 -0.002567222 0.635470748 85.971771240
0.588982403 0.003119043 0.808139920 -2.219547272 0.000376376 0.999991357 -0.004133810 -0.906261206 -0.808145821 0.002738905 0.588976145 86.153442383
0.542382419 0.004887677 0.840117574 -1.885368347 -0.001916010 0.999987662 -0.004580796 -0.918876410 -0.840129614 0.000874870 0.542385101 86.319908142
0.495564401 0.008280925 0.868531764 -1.546173096 -0.005219828 0.999964952 -0.006555746 -0.919128478 -0.868555486 -0.001284791 0.495590210 86.473953247
0.450146019 0.009835755 0.892900884 -1.207000732 -0.006062890 0.999949932 -0.007958416 -0.932677746 -0.892934322 -0.001831109 0.450183123 86.605690002
0.407409638 0.007736101 0.913212836 -0.851335526 0.000634238 0.999961495 -0.008753926 -0.937587142 -0.913245320 0.004145628 0.407389104 86.722015381
0.366883427 0.000198142 0.930266917 -0.479095459 0.014819812 0.999871850 -0.006057680 -0.944233298 -0.930148959 0.016008841 0.366833448 86.829727173
0.331466407 -0.002973309 0.943462312 -0.112430573 0.018691482 0.999819517 -0.003415958 -0.944942057 -0.943281889 0.018766984 0.331462145 86.920722961
0.298031807 0.000537723 0.954555750 0.251159668 0.016155187 0.999853730 -0.005607221 -0.954531372 -0.954419136 0.017092155 0.297979534 87.016609192
0.267350435 0.008136451 0.963564992 0.621131897 0.005404209 0.999935925 -0.009943022 -0.968004286 -0.963584125 0.007865579 0.267289340 87.114646912
0.238799721 0.012807693 0.970984340 1.007202148 0.000050926 0.999912858 -0.013201797 -0.983664036 -0.971068859 0.003202034 0.238778248 87.206146240
0.212990701 0.014400855 0.976948023 1.397733688 0.001427330 0.999885619 -0.015050152 -0.996987224 -0.977053165 0.004599969 0.212945804 87.271293640
0.189589903 0.015949877 0.981733799 1.807857513 0.008527836 0.999803603 -0.017890325 -1.004655838 -0.981826305 0.011763888 0.189416617 87.326171875
0.169563502 0.021806723 0.985277951 2.218547821 0.015425294 0.999573946 -0.024777777 -1.008533835 -0.985398591 0.019399608 0.169154853 87.366424561
0.149683610 0.028919952 0.988310993 2.645980835 0.017592633 0.999336064 -0.031907041 -1.002050877 -0.988577425 0.022162948 0.149075463 87.423660278
0.132011458 0.029556055 0.990807414 3.084603310 0.015319689 0.999375165 -0.031852771 -1.014541268 -0.991129875 0.019383790 0.131476194 87.477981567
0.116642833 0.025334110 0.992850721 3.545536995 0.013184249 0.999547064 -0.027053898 -1.036628008 -0.993086457 0.016245635 0.116255969 87.528198242
0.102218390 0.022121985 0.994515955 4.013149261 0.013646480 0.999627411 -0.023638301 -1.053716183 -0.994668245 0.015987908 0.101878420 87.566665649
0.089000255 0.019592497 0.995838881 4.496853828 0.016080730 0.999647975 -0.021104602 -1.068554282 -0.995901763 0.017892126 0.088653855 87.598449707
0.077374771 0.018644318 0.996827662 4.987411499 0.019563874 0.999604225 -0.020214815 -1.084896922 -0.996810079 0.021065928 0.076979369 87.621910095
0.067078248 0.019278187 0.997561455 5.507873058 0.022649208 0.999526262 -0.020839140 -1.099734306 -0.997490644 0.023991829 0.066609837 87.653549194
0.059416410 0.020069873 0.998031557 6.027831554 0.025220890 0.999448538 -0.021599857 -1.109199047 -0.997914732 0.026454624 0.058877457 87.672538757
0.053850282 0.020265784 0.998343468 6.577608585 0.026903894 0.999401689 -0.021738453 -1.124411345 -0.998186469 0.028029945 0.053272828 87.697738647
0.048174497 0.021298900 0.998611867 7.140707493 0.028288968 0.999342501 -0.022679187 -1.140256286 -0.998438179 0.029342262 0.047540296 87.722129822
0.042300265 0.022044215 0.998861730 7.724795341 0.028886354 0.999311626 -0.023277441 -1.154046297 -0.998687148 0.029838113 0.041634373 87.741806030
0.037878528 0.021909678 0.999042213 8.327707291 0.031469025 0.999237597 -0.023107111 -1.170727849 -0.998786628 0.032314137 0.037160173 87.759880066
0.035007868 0.022107817 0.999142408 8.947664261 0.032770328 0.999192297 -0.023257121 -1.186258793 -0.998849571 0.033556413 0.034255110 87.778022766
0.031821650 0.021493124 0.999262452 9.587117195 0.033791967 0.999174058 -0.022567336 -1.204251170 -0.998922110 0.034485180 0.031069070 87.795845032
0.029590752 0.020830307 0.999345064 10.243052483 0.035979062 0.999112725 -0.021890812 -1.224341035 -0.998914301 0.036603261 0.028815042 87.812606812
0.029002588 0.020457132 0.999369979 10.918980598 0.040871430 0.998930156 -0.021634255 -1.241756916 -0.998743355 0.041473132 0.028135445 87.823654175
0.030061116 0.019964436 0.999348640 11.615202904 0.044166554 0.998797536 -0.021281987 -1.260932446 -0.998571873 0.044777542 0.029143205 87.840591431
0.032385793 0.020070866 0.999273896 12.318159103 0.045461606 0.998733938 -0.021533400 -1.278415680 -0.998440981 0.046125975 0.031432334 87.860214233
0.036077004 0.020143310 0.999145925 13.040594101 0.047787372 0.998618364 -0.021858171 -1.295864344 -0.998205781 0.048535135 0.035064552 87.888099670
0.040627681 0.019376574 0.998986423 13.779651642 0.048557118 0.998592257 -0.021343693 -1.317902803 -0.997993827 0.049375050 0.039629616 87.916374207
0.044800051 0.017919578 0.998835206 14.533495903 0.050047845 0.998543382 -0.020159103 -1.336158872 -0.997741520 0.050892677 0.043837942 87.946464539
0.048668977 0.016222164 0.998683155 15.300060272 0.049881388 0.998581052 -0.018651377 -1.355892539 -0.997568607 0.050723445 0.047790721 87.986961365
0.052950412 0.014059764 0.998498142 16.080165863 0.046682950 0.998772860 -0.016539227 -1.378394604 -0.997505307 0.047488600 0.052229077 88.037124634
0.056559131 0.012967017 0.998315036 16.872386932 0.045828301 0.998828053 -0.015570064 -1.396471381 -0.997346878 0.046631709 0.055898588 88.090896606
0.060730767 0.014025223 0.998055577 17.673841476 0.042978857 0.998937309 -0.016652836 -1.414424896 -0.997228503 0.043906629 0.060063429 88.149681091
0.063804962 0.018122133 0.997797787 18.472023010 0.040580634 0.998961091 -0.020738222 -1.440470695 -0.997137010 0.041814469 0.063003257 88.205459595
0.065135367 0.023230925 0.997605979 19.271705627 0.034838732 0.999066591 -0.025539622 -1.468171597 -0.997268021 0.036418851 0.064265236 88.265975952
0.064908005 0.026476564 0.997539937 20.082509995 0.032214019 0.999071419 -0.028613318 -1.490902901 -0.997371078 0.033991996 0.063994810 88.323898315
0.064800359 0.026319858 0.997551024 20.899618149 0.030044317 0.999147534 -0.028313639 -1.517321110 -0.997445822 0.031805474 0.063954346 88.391189575
0.065114670 0.024151970 0.997585475 21.717895508 0.027060701 0.999296725 -0.025959706 -1.556086421 -0.997510910 0.028685717 0.064415284 88.446701050
0.064689100 0.023013176 0.997640073 22.536478043 0.027788991 0.999304891 -0.024853470 -1.585158587 -0.997518480 0.029331163 0.064004607 88.507812500
0.065098628 0.022019533 0.997635961 23.358648300 0.025695657 0.999388099 -0.023734925 -1.620596409 -0.997547984 0.027180020 0.064492993 88.569770813
0.065232202 0.022329615 0.997620225 24.158912659 0.023580059 0.999436021 -0.023912109 -1.652929068 -0.997591436 0.025083788 0.064668871 88.623710632
0.065441914 0.022858031 0.997594535 24.976402283 0.020460865 0.999496579 -0.024243843 -1.686654687 -0.997646630 0.021998206 0.064941265 88.682441711
0.063949749 0.024314435 0.997656882 25.785287857 0.017581601 0.999520481 -0.025486838 -1.715512276 -0.997798145 0.019170281 0.063491590 88.750068665
0.060833294 0.024076400 0.997857451 26.593263626 0.014551769 0.999581397 -0.025005125 -1.745734930 -0.998041809 0.016041743 0.060457475 88.807472229
0.057402045 0.023097135 0.998083889 27.409902573 0.012502958 0.999637306 -0.023852162 -1.770085812 -0.998272836 0.013848162 0.057092436 88.850097656
0.052509949 0.020385839 0.998412311 28.221632004 0.010652640 0.999723315 -0.020972865 -1.801402807 -0.998563588 0.011737009 0.052278254 88.898773193
0.046238791 0.018484604 0.998759389 29.029373169 0.008202931 0.999787927 -0.018883407 -1.828486085 -0.998896718 0.009065899 0.046077367 88.939750671
0.038994018 0.018708153 0.999064207 29.834531784 0.008203543 0.999785066 -0.019041836 -1.855836153 -0.999205768 0.008938383 0.038832158 88.970741272
0.030608125 0.019669501 0.999337792 30.636873245 0.007914715 0.999770343 -0.019920424 -1.880854011 -0.999500096 0.008519202 0.030445414 88.993293762
0.020666290 0.020087568 0.999584615 31.443414688 0.008458369 0.999758899 -0.020265950 -1.906746864 -0.999750614 0.008873679 0.020491395 89.011741638
0.010226747 0.018949397 0.999768138 32.229198456 0.009715182 0.999771357 -0.019048834 -1.936002970 -0.999900460 0.009907735 0.010040310 89.016754150
-0.000783521 0.018133434 0.999835253 33.023326874 0.008463234 0.999799967 -0.018126156 -1.962003350 -0.999963820 0.008447634 -0.000936832 89.020027161
-0.011986054 0.017121032 0.999781609 33.807746887 0.009940091 0.999806046 -0.017002286 -1.989335060 -0.999878764 0.009734130 -0.012153916 89.008720398
-0.022756124 0.017739169 0.999583662 34.586891174 0.010282875 0.999793887 -0.017508801 -2.010452509 -0.999688148 0.009880162 -0.022933835 88.988578796
-0.033905409 0.018360812 0.999256372 35.365615845 0.010238186 0.999785244 -0.018023139 -2.035157204 -0.999372542 0.009619490 -0.034086101 88.961898804
-0.044267580 0.019205956 0.998835087 36.138080597 0.009518895 0.999777913 -0.018802216 -2.063471556 -0.998974323 0.008675478 -0.044440567 88.920181274
-0.054610871 0.020284923 0.998301685 36.901329041 0.010167720 0.999753058 -0.019758208 -2.086046696 -0.998456001 0.009071439 -0.054803628 88.878280640
-0.064129040 0.020816144 0.997724533 37.652980804 0.011249295 0.999733925 -0.020135017 -2.117640972 -0.997878134 0.009932457 -0.064346135 88.823348999
-0.073837087 0.021539085 0.997037709 38.428741455 0.011980377 0.999713778 -0.020709667 -2.138219357 -0.997198224 0.010415745 -0.074073985 88.770896912
-0.083149731 0.021841558 0.996297777 39.166122437 0.012551942 0.999703348 -0.020868653 -2.166036606 -0.996457875 0.010770247 -0.083399221 88.708915710
-0.091815799 0.021218669 0.995549917 39.899570465 0.013880875 0.999703050 -0.020027006 -2.190700293 -0.995679200 0.011980307 -0.092083067 88.636177063
-0.099365823 0.020204036 0.994845867 40.620597839 0.015526580 0.999703586 -0.018751886 -2.214499950 -0.994929731 0.013583256 -0.099650070 88.562316895
-0.104460262 0.018553175 0.994355857 41.365638733 0.018787595 0.999684393 -0.016678896 -2.245106936 -0.994351566 0.016939271 -0.104775853 88.478378296
-0.107533507 0.017031906 0.994055450 42.070610046 0.022235742 0.999644279 -0.014722276 -2.265745401 -0.993952751 0.020520424 -0.107873984 88.384719849
-0.110638179 0.015980314 0.993732274 42.781295776 0.023370367 0.999636114 -0.013473290 -2.286389589 -0.993585885 0.021733223 -0.110971346 88.309806824
-0.112647355 0.015030425 0.993521392 43.466495514 0.023237336 0.999652028 -0.012488479 -2.308125734 -0.993363142 0.021679996 -0.112957396 88.237144470
-0.113285504 0.015412378 0.993442893 44.130615234 0.024322486 0.999623060 -0.012734685 -2.330221891 -0.993264675 0.022720344 -0.113617674 88.159736633
-0.112147294 0.016332908 0.993557334 44.781318665 0.024749627 0.999600649 -0.013638649 -2.350416660 -0.993383288 0.023060635 -0.112506747 88.085700989
-0.109060660 0.018058842 0.993870974 45.406185150 0.026113963 0.999541879 -0.015296316 -2.370501041 -0.993691981 0.024285683 -0.109482303 88.018531799
-0.103933774 0.018555656 0.994411111 46.036899567 0.026226478 0.999529362 -0.015910026 -2.391768456 -0.994238317 0.024426317 -0.104371496 87.952972412
-0.095866613 0.019297177 0.995207071 46.631141663 0.025782621 0.999524713 -0.016897298 -2.409482479 -0.995060205 0.024039160 -0.096318573 87.899688721
-0.084927581 0.019120891 0.996203601 47.212776184 0.024381204 0.999556422 -0.017106712 -2.434235096 -0.996088803 0.022835815 -0.085356072 87.862701416
-0.071241274 0.019289615 0.997272551 47.768970490 0.023722723 0.999563038 -0.017639257 -2.456220627 -0.997176886 0.022401379 -0.071667731 87.831092834
-0.054303490 0.020408155 0.998315811 48.311359406 0.021994874 0.999573052 -0.019237440 -2.484381437 -0.998282135 0.020913174 -0.054729171 87.818229675
-0.032858908 0.022829853 0.999199212 48.844245911 0.020164583 0.999550760 -0.022174772 -2.505741835 -0.999256670 0.019419793 -0.033304498 87.818275452
-0.008248199 0.025893001 0.999630690 49.360908508 0.018124973 0.999504387 -0.025740178 -2.529315233 -0.999801815 0.017905973 -0.008713420 87.831237793
0.019871533 0.027640719 0.999420404 49.879394531 0.016314814 0.999475718 -0.027966643 -2.550263643 -0.999669492 0.016861096 0.019410167 87.863319397
0.053070486 0.026862981 0.998229325 50.394393921 0.013844206 0.999522269 -0.027633796 -2.574834347 -0.998494804 0.015286232 0.052673228 87.908012390
0.091497600 0.024473920 0.995504439 50.893718719 0.013037567 0.999582827 -0.025772478 -2.593964577 -0.995719969 0.015337077 0.091140360 87.969955444
0.133464009 0.020718910 0.990837038 51.389694214 0.010976640 0.999689281 -0.022382546 -2.611813545 -0.990992904 0.013863323 0.133195102 88.063446045
0.178547055 0.016343258 0.983795524 51.875671387 0.008197379 0.999802768 -0.018096900 -2.634766579 -0.983897269 0.011295693 0.178377837 88.179550171
0.226787120 0.013394757 0.973852217 52.354385376 0.003861933 0.999885201 -0.014652178 -2.649183273 -0.973936737 0.007083878 0.226709351 88.326995850
0.278981447 0.011509621 0.960227668 52.841163635 0.000462799 0.999926507 -0.012119927 -2.667944670 -0.960296333 0.003825628 0.278955698 88.483779907
0.334457844 0.011526232 0.942340314 53.296478271 -0.000221084 0.999926209 -0.012152124 -2.677815437 -0.942410707 0.003856037 0.334435672 88.672180176
0.392303824 0.012446267 0.919751525 53.735862732 0.002086737 0.999893904 -0.014420830 -2.685028553 -0.919833302 0.007576626 0.392236173 88.889778137
0.450917125 0.015489228 0.892431378 54.140747070 0.003422691 0.999812007 -0.019082326 -2.701761961 -0.892559290 0.011659063 0.450779349 89.143684387
0.510638118 0.018399531 0.859598815 54.534469604 0.005181992 0.999686956 -0.024476413 -2.719483614 -0.859780192 0.016953021 0.510383010 89.414062500
0.569736421 0.023576582 0.821489155 54.907699585 0.001347092 0.999560237 -0.029621448 -2.717626333 -0.821826458 0.017983038 0.569454074 89.703361511
0.625502467 0.025353219 0.779810071 55.256832123 -0.002357055 0.999528706 -0.030606071 -2.746297121 -0.780218720 0.017306117 0.625267506 90.032104492
0.676982582 0.026999328 0.735503614 55.555915833 -0.004464176 0.999459147 -0.032579795 -2.757483006 -0.735985339 0.018772537 0.676737070 90.380645752
0.727044284 0.024204373 0.686163962 55.870647430 -0.004188164 0.999516189 -0.030820176 -2.782130241 -0.686577857 0.019533860 0.726793826 90.738311768
0.771630704 0.020805167 0.635730624 56.122222900 -0.006471525 0.999669969 -0.024860656 -2.800984859 -0.636037946 0.015069094 0.771510601 91.122024536
0.812243402 0.018043373 0.583039522 56.355716705 -0.007393034 0.999759614 -0.020640271 -2.783227444 -0.583271801 0.012454491 0.812181592 91.535011292
0.849001646 0.014781967 0.528183281 56.569881439 -0.009092557 0.999869347 -0.013367403 -2.803058147 -0.528311908 0.006546409 0.849025071 91.941482544
0.880234182 0.011578212 0.474398196 56.756832123 -0.009719011 0.999932587 -0.006371066 -2.809731245 -0.474439979 0.000997349 0.880287170 92.373863220
0.905632198 0.012796985 0.423870802 56.917373657 -0.013685293 0.999905944 -0.000948254 -2.820511341 -0.423843056 -0.004942024 0.905722141 92.815147400
0.925563633 0.014247727 0.378323734 57.040023804 -0.016673211 0.999856055 0.003136039 -2.836671114 -0.378224611 -0.009210473 0.925668001 93.237350464
0.940602541 0.020312523 0.338901222 57.149391174 -0.023750473 0.999699950 0.005999767 -2.848396778 -0.338677734 -0.013692460 0.940802693 93.675041199
0.952400148 0.025223777 0.303805113 57.259773254 -0.028014412 0.999595940 0.004829902 -2.849830627 -0.303560495 -0.013110920 0.952721894 94.131607056
0.961707890 0.026308458 0.272810936 57.378501892 -0.028760821 0.999573886 0.004993413 -2.845661879 -0.272563249 -0.012648472 0.962054670 94.589111328
0.967786610 0.021416880 0.250859410 57.491058350 -0.023361690 0.999715745 0.004776952 -2.846948624 -0.250685751 -0.010483570 0.968011796 95.060028076
0.971733749 0.018626932 0.235343561 57.596542358 -0.020570327 0.999771535 0.005805143 -2.858534098 -0.235181615 -0.010482145 0.971894979 95.543235779
0.974539459 0.023198519 0.223012626 57.686843872 -0.024987508 0.999674201 0.005203080 -2.855034828 -0.222819269 -0.010643138 0.974801600 96.044677734
0.976580501 0.028222147 0.213293523 57.778411865 -0.030193303 0.999526203 0.005989023 -2.855940819 -0.213023424 -0.012288798 0.976969898 96.551979065
0.977610648 0.036880955 0.207165271 57.872241974 -0.038697571 0.999239862 0.004721973 -2.860424519 -0.206833571 -0.012633042 0.978294611 97.055641174
0.977982402 0.042462710 0.204321787 57.965232849 -0.043661345 0.999045432 0.001359855 -2.863206863 -0.204068989 -0.010250878 0.978902936 97.565124512
0.978087962 0.043705508 0.203552783 58.068466187 -0.044408605 0.999012828 -0.001114380 -2.871251583 -0.203400448 -0.007949534 0.979063392 98.087646484
0.977786779 0.041533422 0.205445677 58.201808929 -0.041453548 0.999129415 -0.004694775 -2.877782345 -0.205461785 -0.003925963 0.978657186 98.611816406
0.977037370 0.040454935 0.209191605 58.324607849 -0.038979374 0.999177575 -0.011173259 -2.882434607 -0.209471539 0.002762537 0.977810800 99.158905029
0.976172209 0.040549997 0.213174716 58.448497772 -0.037982795 0.999148250 -0.016126256 -2.883945465 -0.213647082 0.007645034 0.976880968 99.711082458
0.974940121 0.045378204 0.217789888 58.565147400 -0.043067504 0.998954237 -0.015347412 -2.899624348 -0.218258575 0.005583142 0.975875020 100.299873352
0.973456025 0.048503645 0.223675609 58.692619324 -0.047014277 0.998822391 -0.011982497 -2.901349545 -0.223993391 0.001148486 0.974590063 100.893798828
0.972598076 0.045334768 0.228029996 58.843261719 -0.044929672 0.998965859 -0.006970021 -2.917455196 -0.228110135 -0.003466285 0.973629117 101.487388611
0.971899033 0.041199166 0.231764808 58.994850159 -0.042004373 0.999116302 -0.001461625 -2.926030159 -0.231620237 -0.008314583 0.972770691 102.101829529
0.971080065 0.038663067 0.235602990 59.148334503 -0.040606141 0.999169469 0.003399152 -2.934420824 -0.235275865 -0.012867778 0.971843421 102.730209351
0.970579028 0.033282988 0.238471299 59.308521271 -0.035238069 0.999371171 0.003938708 -2.940550327 -0.238190234 -0.012226094 0.971141517 103.358108521
0.970539033 0.030232804 0.239039510 59.462551117 -0.031339783 0.999508440 0.000830571 -2.945806742 -0.238896877 -0.008297547 0.971009433 104.006240845
0.970729589 0.029908678 0.238305449 59.634590149 -0.029244669 0.999552250 -0.006322211 -2.950931311 -0.238387838 -0.000832006 0.971169651 104.648330688
0.970880985 0.032130171 0.237398058 59.790813446 -0.029897001 0.999468386 -0.013002058 -2.957885265 -0.237689629 0.005525963 0.971325457 105.307502747
0.971397340 0.035293344 0.234822363 59.945449829 -0.032182541 0.999336243 -0.017067712 -2.961268902 -0.235268861 0.009022349 0.971888542 105.990531921
0.972025573 0.033413939 0.232486069 60.108726501 -0.031336844 0.999429107 -0.012622909 -2.969719172 -0.232775137 0.004984410 0.972517848 106.681144714
0.972505093 0.029093686 0.231056869 60.280220032 -0.028808007 0.999574304 -0.004610830 -2.988014936 -0.231092647 -0.002172233 0.972929299 107.375915527
0.973103821 0.029611237 0.228456050 60.446659088 -0.030693235 0.999528170 0.001183754 -2.998786688 -0.228313208 -0.008163972 0.973553538 108.097579956
0.973352253 0.032795005 0.226957485 60.598781586 -0.033879310 0.999425530 0.000882700 -3.014152050 -0.226798177 -0.008548340 0.973904252 108.821357727
0.973643959 0.038917117 0.224728584 60.758155823 -0.038962502 0.999231696 -0.004234501 -3.012685299 -0.224720731 -0.004633091 0.974412143 109.548370361
0.974560380 0.039767902 0.220568776 60.924629211 -0.038599867 0.999208629 -0.009604802 -3.020004749 -0.220776156 0.000846534 0.975324094 110.288703918
0.975421607 0.038360164 0.216981560 61.084884644 -0.036537517 0.999255240 -0.012407060 -3.032309532 -0.217295885 0.004174149 0.976096749 111.043647766
0.976345539 0.036151700 0.213172153 61.250583649 -0.034633916 0.999341071 -0.010851359 -3.043506145 -0.213424027 0.003211689 0.976954401 111.816642761
0.977200866 0.032580484 0.209802255 61.413642883 -0.031405788 0.999466836 -0.008929109 -3.056051731 -0.209981337 0.002136530 0.977703035 112.590332031
0.977603078 0.031241240 0.208125189 61.579246521 -0.030668782 0.999511898 -0.005977584 -3.071247578 -0.208210304 -0.000539241 0.978083849 113.376724243
0.977958858 0.027847812 0.206931964 61.748413086 -0.027705574 0.999609768 -0.003585856 -3.079396486 -0.206951082 -0.002226349 0.978348613 114.179374695
0.978181839 0.022727119 0.206503481 61.919826508 -0.022720667 0.999739051 -0.002403049 -3.089222908 -0.206504166 -0.002341278 0.978442848 114.973823547
0.978317559 0.023452736 0.205778360 62.089828491 -0.023805203 0.999716341 -0.000763139 -3.100189686 -0.205737859 -0.004152002 0.978598237 115.784423828
0.978057683 0.028911123 0.206318676 62.249198914 -0.028967313 0.999576509 -0.002749072 -3.108037472 -0.206310779 -0.003287745 0.978480935 116.600677490
0.977765858 0.034796193 0.206792235 62.409172058 -0.034288842 0.999393582 -0.006038098 -3.117128849 -0.206876919 -0.001186818 0.978366256 117.408905029
0.977279425 0.043159544 0.207514361 62.572807312 -0.042495288 0.999067307 -0.007659808 -3.125416994 -0.207651392 -0.001332609 0.978201926 118.236167908
0.976381242 0.049027469 0.210418344 62.735992432 -0.048631296 0.998791814 -0.007059944 -3.142913103 -0.210510254 -0.003339719 0.977585912 119.049919128
0.975568354 0.051878575 0.213482559 62.904071808 -0.051935848 0.998636007 -0.005343975 -3.153816700 -0.213468641 -0.005873984 0.976932228 119.884208679
0.974985540 0.052573070 0.215960994 63.082901001 -0.052516349 0.998601973 -0.006005186 -3.171311855 -0.215974763 -0.005486512 0.976383507 120.706359863
0.974646926 0.050925497 0.217875689 63.263015747 -0.050206363 0.998699725 -0.008838970 -3.182216883 -0.218042523 -0.002323871 0.975936532 121.543212891
0.974684298 0.044558682 0.219100192 63.463428497 -0.044003170 0.999003887 -0.007417144 -3.198819160 -0.219212443 -0.002411727 0.975674212 122.381492615
0.974847913 0.038103182 0.219589531 63.654022217 -0.037043449 0.999273717 -0.008942929 -3.216426849 -0.219770744 0.000583644 0.975551426 123.211570740
0.974621236 0.037658371 0.220669925 63.840599060 -0.036630180 0.999290526 -0.008751100 -3.238685608 -0.220842898 0.000445832 0.975309312 124.036331177
0.974103153 0.040054496 0.222527251 64.027740479 -0.039716098 0.999193072 -0.005997422 -3.251724958 -0.222587869 -0.002995804 0.974908113 124.876968384
0.973690689 0.042028695 0.223964408 64.207031250 -0.043065611 0.999072254 -0.000255003 -3.264101744 -0.223767325 -0.009396870 0.974597275 125.707260132
0.973333716 0.045541007 0.224827781 64.386657715 -0.047623172 0.998858035 0.003844000 -3.278037548 -0.224395975 -0.014448507 0.974390924 126.533645630
0.973076820 0.045005105 0.226044342 64.569580078 -0.045659337 0.998954356 -0.002335839 -3.296392918 -0.225913107 -0.008048085 0.974114239 127.353599548
0.973418355 0.040349245 0.225452453 64.768066406 -0.037486728 0.999153137 -0.016965045 -3.310166836 -0.225946099 0.008062611 0.974106431 128.168121338
