1.000000000 0.000000000 0.000000000 0.000000000 0.000000000 1.000000000 0.000000000 0.000000000 0.000000000 0.000000000 1.000000000 0.000000000
0.999976873 0.000268909 -0.006794559 -0.015056222 -0.000265527 0.999999821 0.000498716 -0.037459917 0.006794693 -0.000496901 0.999976754 2.426118374
0.999915838 0.001528335 -0.012876589 -0.048331618 -0.001487580 0.999993980 0.003173980 -0.073135108 0.012881361 -0.003154559 0.999912024 4.855057716
0.999821246 0.002803282 -0.018692361 -0.106272995 -0.002712627 0.999984503 0.004873444 -0.103830814 0.018705733 -0.004821869 0.999813378 7.291395664
0.999696136 0.002484438 -0.024529394 -0.144388616 -0.002374225 0.999986947 0.004521199 -0.136546269 0.024540311 -0.004461586 0.999688864 9.642544746
0.999548733 0.002209792 -0.029954948 -0.216181248 -0.002109622 0.999992013 0.003375214 -0.164829105 0.029962165 -0.003310497 0.999545574 12.071399689
0.999374866 0.001567234 -0.035318278 -0.303219974 -0.001487716 0.999996305 0.002277636 -0.198520362 0.035321724 -0.002223668 0.999373555 14.509903908
0.999179602 0.001650807 -0.040464591 -0.399103165 -0.001579441 0.999997139 0.001795567 -0.231550992 0.040467430 -0.001730182 0.999179363 16.936790466
0.998956025 0.002537586 -0.045611560 -0.514594197 -0.002474213 0.999995887 0.001445819 -0.266492456 0.045615040 -0.001331457 0.998958230 19.380254745
0.998693228 0.004252575 -0.050928835 -0.636259139 -0.004223375 0.999990761 0.000680955 -0.316525847 0.050931264 -0.000464973 0.998702049 21.817268372
0.998404384 0.006045725 -0.056144178 -0.779879212 -0.006095141 0.999981105 -0.000708970 -0.358503431 0.056138836 0.001050046 0.998422563 24.296562195
0.998098671 0.007560274 -0.061173186 -0.942223608 -0.007630052 0.999970496 -0.000907117 -0.406956196 0.061164528 0.001372147 0.998126745 26.738559723
0.997743249 0.008848294 -0.066558070 -1.104686618 -0.008847492 0.999960959 0.000306761 -0.453992993 0.066558182 0.000282803 0.997782528 29.126176834
0.997355402 0.009279989 -0.072083980 -1.283249617 -0.009167571 0.999956191 0.001890278 -0.498271942 0.072098367 -0.001224443 0.997396767 31.545194626
0.996933937 0.008420685 -0.077793188 -1.474925876 -0.008195893 0.999961257 0.003208413 -0.539334357 0.077817194 -0.002560992 0.996964335 33.956665039
0.996550679 0.007209016 -0.082674369 -1.690296531 -0.006912775 0.999968648 0.003868926 -0.581807852 0.082699686 -0.003284071 0.996569037 36.351898193
0.996084154 0.005237139 -0.088254914 -1.905208707 -0.004850934 0.999977708 0.004589927 -0.614647448 0.088276990 -0.004143834 0.996087492 38.736324310
0.995620131 0.003805270 -0.093413584 -2.131548405 -0.003272229 0.999977469 0.005858755 -0.648966849 0.093433790 -0.005527423 0.995610178 41.104316711
0.995086312 0.002216341 -0.098986574 -2.366284609 -0.001689776 0.999983907 0.005403084 -0.687745214 0.098996960 -0.005209269 0.995074093 43.481800079
0.994541407 0.002612646 -0.104310118 -2.617221594 -0.002254424 0.999991298 0.003551948 -0.729462445 0.104318477 -0.003297401 0.994538486 45.848262787
0.994036317 0.003130157 -0.109004848 -2.874700785 -0.002921834 0.999993503 0.002070801 -0.771201193 0.109010629 -0.001739957 0.994039059 48.189037323
0.993450165 0.004255509 -0.114186861 -3.141900778 -0.004127544 0.999990582 0.001357078 -0.815830588 0.114191554 -0.000876878 0.993458390 50.520153046
0.992987216 0.005455500 -0.118095823 -3.439753771 -0.005247009 0.999984086 0.002076282 -0.853282452 0.118105285 -0.001442072 0.993000031 52.862430573
0.992502332 0.006285619 -0.122064099 -3.731134176 -0.005865547 0.999975562 0.003800421 -0.893081129 0.122085005 -0.003055954 0.992514968 55.175926208
0.992082238 0.006696838 -0.125411287 -4.035868645 -0.006131206 0.999969244 0.004895663 -0.933952212 0.125440210 -0.004087978 0.992092788 57.526302338
0.991633594 0.006434243 -0.128924042 -4.352796555 -0.005995298 0.999974847 0.003792487 -0.971580982 0.128945217 -0.002987820 0.991647363 59.853458405
0.991142511 0.005333593 -0.132694945 -4.674382210 -0.004944100 0.999982476 0.003264563 -1.012774467 0.132709995 -0.002579590 0.991151690 62.174209595
0.990679622 0.004600007 -0.136135131 -5.008988380 -0.004132443 0.999984562 0.003716960 -1.048105121 0.136150122 -0.003119746 0.990683317 64.516799927
0.990167260 0.002318068 -0.139869332 -5.346654415 -0.001649502 0.999986649 0.004895670 -1.086059213 0.139878824 -0.004616819 0.990157783 66.862869263
0.989615440 0.000320366 -0.143740013 -5.683314323 0.000391718 0.999987781 0.004925640 -1.123860836 0.143739820 -0.004930796 0.989603162 69.167282104
0.989035964 -0.000858784 -0.147672549 -6.030230999 0.001302847 0.999994874 0.002910380 -1.162286878 0.147669330 -0.003070866 0.989032030 71.507934570
0.988492548 -0.001068360 -0.151265696 -6.397215366 0.001430496 0.999996364 0.002285243 -1.212082744 0.151262715 -0.002475331 0.988490522 73.725944519
0.987940490 -0.001495298 -0.154826969 -6.763064861 0.001966546 0.999993861 0.002890596 -1.249581695 0.154821664 -0.003160211 0.987937391 76.015121460
0.987382412 -0.001557875 -0.158346280 -7.138952732 0.002268800 0.999988139 0.004309022 -1.289501190 0.158337697 -0.004613909 0.987374246 78.276977539
0.986814797 -0.002321436 -0.161836967 -7.524717808 0.003233860 0.999980330 0.005374730 -1.328095198 0.161821276 -0.005827221 0.986802876 80.584472656
0.986314774 -0.003373246 -0.164838791 -7.916522026 0.004247369 0.999978721 0.004950707 -1.364883900 0.164818585 -0.005583087 0.986308098 82.854713440
0.985806882 -0.003830954 -0.167839631 -8.315938950 0.004410850 0.999985516 0.003082393 -1.400709987 0.167825386 -0.003778959 0.985809505 85.152320862
0.985383868 -0.004269240 -0.170295104 -8.725177765 0.004318469 0.999990821 -0.000081327 -1.439642549 0.170293868 -0.000655276 0.985393107 87.457664490
0.984986901 -0.005119059 -0.172553346 -9.137575150 0.005142472 0.999986708 -0.000311340 -1.484974265 0.172552645 -0.000580685 0.985000134 89.756637573
0.984540284 -0.007432594 -0.175000027 -9.550454140 0.007923904 0.999966383 0.002108916 -1.531373024 0.174978480 -0.003462996 0.984566092 92.015853882
0.983985484 -0.011557032 -0.177873522 -9.965364456 0.012255841 0.999920905 0.002830389 -1.567570925 0.177826777 -0.004965051 0.984049261 94.314712524
0.983474195 -0.015324885 -0.180399403 -10.392382622 0.015683621 0.999876857 0.000562294 -1.602651596 0.180368587 -0.003382318 0.983593285 96.601020813
0.982918203 -0.016618880 -0.183290765 -10.817951202 0.016381402 0.999861896 -0.002809757 -1.649787545 0.183312118 -0.000240797 0.983054757 98.855934143
0.982635140 -0.014251235 -0.185000226 -11.267301559 0.013829617 0.999898016 -0.003569267 -1.699008942 0.185032189 0.000948805 0.982731998 101.103431702
0.982341945 -0.009385353 -0.186858952 -11.714760780 0.009006461 0.999955297 -0.002876565 -1.754243612 0.186877564 0.001142832 0.982382536 103.361770630
0.982123613 -0.004510354 -0.188183084 -12.162321091 0.004197350 0.999989092 -0.002061757 -1.802623272 0.188190296 0.001235030 0.982131779 105.591217041
0.981805444 -0.000175076 -0.189889714 -12.613670349 0.000016935 0.999999642 -0.000834423 -1.851412177 0.189889759 0.000816025 0.981805086 107.805870056
0.981532395 0.002258461 -0.191282764 -13.074009895 -0.002278988 0.999997377 0.000112681 -1.894755840 0.191282541 0.000325331 0.981534898 110.016441345
0.981235981 0.003220120 -0.192783803 -13.533612251 -0.003240883 0.999994755 0.000207651 -1.947356939 0.192783490 0.000421035 0.981241226 112.245132446
0.980909705 0.001343678 -0.194459215 -13.992732048 -0.001185067 0.999998868 0.000931982 -1.985769987 0.194460243 -0.000683743 0.980910182 114.495162964
0.980583549 -0.001304360 -0.196097091 -14.453657150 0.001784701 0.999995828 0.002272826 -2.023353577 0.196093306 -0.002578671 0.980581760 116.733123779
0.980321765 -0.004554052 -0.197354481 -14.917198181 0.005241406 0.999981880 0.002960633 -2.065040588 0.197337419 -0.003936788 0.980327725 118.958084106
0.979972064 -0.007620781 -0.198989168 -15.368616104 0.008070152 0.999966323 0.001447305 -2.104190826 0.198971465 -0.003024191 0.980000556 121.164367676
0.979881883 -0.009851607 -0.199334726 -15.828574181 0.010008118 0.999949813 -0.000222440 -2.145423651 0.199326932 -0.001777001 0.979931355 123.360298157
0.979874313 -0.011107822 -0.199306205 -16.282714844 0.011075992 0.999937773 -0.001274685 -2.193221331 0.199307978 -0.000958483 0.979936421 125.552589417
0.979914606 -0.012915027 -0.198998496 -16.741004944 0.012993150 0.999915183 -0.000913332 -2.241530657 0.198993430 -0.001690630 0.979999363 127.750839233
0.980000675 -0.015383097 -0.198398829 -17.202209473 0.015845241 0.999874115 0.000741857 -2.283404112 0.198362425 -0.003870697 0.980121076 129.952529907
0.980126500 -0.018134458 -0.197543204 -17.651088715 0.019023247 0.999815583 0.002602331 -2.321699619 0.197459593 -0.006308527 0.980290711 132.168319702
0.980411589 -0.021805907 -0.195748731 -18.082592010 0.022916434 0.999731481 0.003409894 -2.365346193 0.195621863 -0.007828962 0.980648160 134.302398682
0.980706215 -0.026089173 -0.193738803 -18.524566650 0.027334381 0.999619305 0.003756378 -2.405731440 0.193567038 -0.008979633 0.981045961 136.494079590
0.981111884 -0.030609427 -0.191003650 -18.965435028 0.031695355 0.999494135 0.002632150 -2.436185837 0.190826476 -0.008636363 0.981585801 138.691864014
0.981658041 -0.033732563 -0.187642246 -19.403415680 0.034528930 0.999403358 0.000976193 -2.475901365 0.187497303 -0.007437373 0.982237101 140.896957397
0.982217908 -0.036349025 -0.184191704 -19.826791763 0.036949541 0.999317110 -0.000172121 -2.523037195 0.184072182 -0.006636739 0.982890248 143.082885742
0.982872188 -0.037400644 -0.180453539 -20.252595901 0.037813660 0.999284148 -0.001151972 -2.563389540 0.180367455 -0.005691368 0.983582795 145.271469116
0.983395457 -0.038905468 -0.177255735 -20.655923843 0.039155822 0.999230921 -0.002086718 -2.607738018 0.177200586 -0.004888526 0.984162629 147.437179565
0.983743906 -0.040462989 -0.174959093 -21.065551758 0.040332526 0.999177039 -0.004302743 -2.657498837 0.174989209 -0.002823747 0.984566331 149.623062134
0.983938515 -0.041593861 -0.173594281 -21.459264755 0.041341603 0.999132216 -0.005070267 -2.709615469 0.173654526 -0.002187835 0.984804213 151.789535522
0.984191895 -0.042903341 -0.171830028 -21.859758377 0.042755917 0.999075115 -0.004560465 -2.757364988 0.171866789 -0.002858379 0.985116005 153.952331543
0.984420836 -0.044226628 -0.170174927 -22.252336502 0.044575203 0.999004602 -0.001773639 -2.813627958 0.170083910 -0.005839576 0.985412300 156.139099121
0.984526336 -0.046561513 -0.168937564 -22.635971069 0.047208332 0.998885036 -0.000188018 -2.849740028 0.168757960 -0.007790150 0.985626757 158.332199097
0.984554648 -0.049993895 -0.167787805 -23.012752533 0.050789390 0.998709261 0.000450340 -2.894509077 0.167548746 -0.008965226 0.985823035 160.496551514
0.984556556 -0.053117268 -0.166814253 -23.395011902 0.053994142 0.998540998 0.000722501 -2.934388399 0.166532487 -0.009718337 0.985988081 162.693435669
0.984674633 -0.054854590 -0.165550917 -23.768695831 0.055790517 0.998441935 0.001004987 -2.969820499 0.165237844 -0.010225757 0.986200750 164.874954224
0.984879732 -0.055175927 -0.164217830 -24.138191223 0.056081526 0.998425722 0.000879842 -3.018763542 0.163910776 -0.010076122 0.986423731 166.976516724
0.985120952 -0.055802360 -0.162550971 -24.508625031 0.056455649 0.998405039 -0.000601055 -3.055262327 0.162325203 -0.008584809 0.986699939 169.148147583
0.985499680 -0.055644516 -0.160293669 -24.878072739 0.055970822 0.998429239 -0.002482330 -3.102586269 0.160180002 -0.006525430 0.987066388 171.302017212
0.985902250 -0.054670569 -0.158138886 -25.234039307 0.054583333 0.998497188 -0.004898144 -3.148550510 0.158169016 -0.003802655 0.987404704 173.468170166
0.986461282 -0.052875958 -0.155235663 -25.587907791 0.052639488 0.998597682 -0.005636551 -3.198988914 0.155315995 -0.002611285 0.987861395 175.608383179
0.986927807 -0.051580895 -0.152685151 -25.937961578 0.051329646 0.998666108 -0.005589505 -3.250224590 0.152769804 -0.002320837 0.988259077 177.745697021
0.987421989 -0.050130602 -0.149949968 -26.306388855 0.049972180 0.998739064 -0.004826676 -3.295419693 0.150002867 -0.002727363 0.988681734 179.927658081
0.987790763 -0.050393801 -0.147410616 -26.644508362 0.050395135 0.998722374 -0.003728137 -3.343035221 0.147410199 -0.003746159 0.989068329 182.080627441
0.988021195 -0.052507997 -0.145110190 -26.975307465 0.052652445 0.998608828 -0.002847578 -3.395104885 0.145057827 -0.004826939 0.989411414 184.266510010
0.988107383 -0.056982465 -0.142817348 -27.312864304 0.057086363 0.998363554 -0.003373250 -3.438477755 0.142775849 -0.004819791 0.989743292 186.445571899
0.988049090 -0.061798107 -0.141209751 -27.619724274 0.061930139 0.998074472 -0.003463653 -3.480416775 0.141151905 -0.005322879 0.989973664 188.602401733
0.987989128 -0.066232525 -0.139609188 -27.927169800 0.066468425 0.997784078 -0.002977332 -3.534813166 0.139496997 -0.006338031 0.990202188 190.763992310
0.988206506 -0.068766408 -0.136817604 -28.247020721 0.069015406 0.997611225 -0.002928413 -3.575187922 0.136692137 -0.006548646 0.990591943 192.944519043
0.988488436 -0.070290670 -0.133976951 -28.535938263 0.070534341 0.997505069 -0.002932698 -3.613503456 0.133848846 -0.006551039 0.990980029 195.099197388
0.988878250 -0.071201801 -0.130575448 -28.829256058 0.071361504 0.997444510 -0.003461665 -3.657960415 0.130488232 -0.005894895 0.991432309 197.267333984
0.989398658 -0.070402771 -0.127018541 -29.122526169 0.070392989 0.997508764 -0.004571526 -3.701466322 0.127023950 -0.004418151 0.991889715 199.450042725
0.990086854 -0.067730479 -0.123047255 -29.400779724 0.067690559 0.997696161 -0.004509736 -3.759379625 0.123069219 -0.003864105 0.992390573 201.573394775
0.990742624 -0.066016182 -0.118620306 -29.681831360 0.065899104 0.997814298 -0.004913292 -3.805647612 0.118685380 -0.002949167 0.992927551 203.745651245
0.991347790 -0.065131612 -0.113962330 -29.939306259 0.065039307 0.997872412 -0.004531766 -3.847140074 0.114015043 -0.002919477 0.993474722 205.900863647
0.991798222 -0.066003926 -0.109452076 -30.190475464 0.065894775 0.997815907 -0.004617838 -3.894762278 0.109517820 -0.002632359 0.993981361 208.064819336
0.992059827 -0.068301432 -0.105603978 -30.417438507 0.068165898 0.997661948 -0.004896598 -3.949637175 0.105691522 -0.002340871 0.994396150 210.234405518
0.992343187 -0.070725985 -0.101256356 -30.653781891 0.070601858 0.997493088 -0.004813491 -4.001374245 0.101342946 -0.002372252 0.994848788 212.340087891
0.992584586 -0.072422534 -0.097625561 -30.872699738 0.072217539 0.997372985 -0.005636340 -4.040747643 0.097777292 -0.001455735 0.995207191 214.498092651
0.992774785 -0.074050330 -0.094418682 -31.080509186 0.073742129 0.997254431 -0.006753959 -4.096210957 0.094659597 -0.000257475 0.995509624 216.641921997
0.993073821 -0.075029097 -0.090415485 -31.286380768 0.074707843 0.997181356 -0.006936934 -4.151889801 0.090681098 0.000134141 0.995879948 218.818038940
0.993398130 -0.075453639 -0.086411551 -31.495571136 0.075190157 0.997149289 -0.006304532 -4.202477455 0.086640917 -0.000234388 0.996239603 220.960052490
0.993685722 -0.075658649 -0.082851775 -31.677383423 0.075547159 0.997132123 -0.004484374 -4.254859924 0.082953461 -0.001803157 0.996551752 223.085021973
0.994098186 -0.074625663 -0.078738511 -31.866786957 0.074633077 0.997207105 -0.002852888 -4.299660683 0.078731485 -0.003040447 0.996891320 225.228561401
0.994438410 -0.074236065 -0.074706323 -32.031482697 0.074265972 0.997235656 -0.002381489 -4.345899582 0.074676573 -0.003179892 0.997202754 227.367752075
0.994810164 -0.074145675 -0.069680408 -32.195762634 0.074096382 0.997245669 -0.003295740 -4.392505169 0.069732867 -0.001884430 0.997563899 229.507095337
0.995108485 -0.074539155 -0.064830527 -32.343261719 0.074384093 0.997218013 -0.004805722 -4.439387321 0.065008387 -0.000040146 0.997884691 231.642211914
0.995369494 -0.075285397 -0.059763089 -32.481773376 0.075119704 0.997161865 -0.005017426 -4.491004467 0.059971217 0.000504806 0.998199880 233.764587402
0.995579183 -0.076577209 -0.054388132 -32.603603363 0.076400615 0.997062981 -0.005321805 -4.540458679 0.054635923 0.001142991 0.998505712 235.883728027
0.995781481 -0.077438109 -0.049219988 -32.719539642 0.077205710 0.996993244 -0.006608450 -4.588964939 0.049583744 0.002780508 0.998766184 238.023193359
0.996073306 -0.077081203 -0.043548651 -32.833297729 0.076833799 0.997016966 -0.007329113 -4.654284000 0.043983683 0.003954325 0.999024451 240.161254883
0.996415436 -0.075604819 -0.037948657 -32.931716919 0.075376682 0.997127593 -0.007408822 -4.714631081 0.038399789 0.004521822 0.999252200 242.277084351
0.996662557 -0.074831441 -0.032619905 -33.015060425 0.074630357 0.997184217 -0.007340537 -4.761662960 0.033077355 0.004881604 0.999440849 244.428100586
0.996868014 -0.074252665 -0.027212571 -33.090187073 0.074092969 0.997227848 -0.006832497 -4.812987328 0.027644467 0.004794836 0.999606431 246.558303833
0.997020245 -0.074030101 -0.021682328 -33.156963348 0.073889606 0.997240365 -0.007212625 -4.868658543 0.022156442 0.005589037 0.999738872 248.685424805
0.997126520 -0.073997132 -0.016218053 -33.205928802 0.073886640 0.997239888 -0.007310029 -4.922994137 0.016714206 0.006090727 0.999841750 250.796142578
0.997238755 -0.073456414 -0.010902457 -33.250274658 0.073391803 0.997283816 -0.006212592 -4.981264114 0.011329202 0.005395287 0.999921262 252.886596680
0.997270226 -0.073651001 -0.005263794 -33.273429871 0.073623881 0.997272611 -0.005173128 -5.035077095 0.005630445 0.004771466 0.999972820 254.979934692
0.997309089 -0.073310286 -0.000291328 -33.279617310 0.073307879 0.997296691 -0.005030894 -5.088283062 0.000659357 0.004996000 0.999987245 257.109710693
0.997266293 -0.073700950 0.005300165 -33.290527344 0.073731899 0.997260630 -0.005899031 -5.130552769 -0.004850880 0.006273696 0.999968529 259.202484131
0.997211277 -0.073902048 0.010399340 -33.276748657 0.073970512 0.997240126 -0.006358069 -5.182187557 -0.009900765 0.007109583 0.999925733 261.343811035
0.997128487 -0.074097484 0.015629280 -33.255256653 0.074218161 0.997215509 -0.007287728 -5.233887672 -0.015045756 0.008426777 0.999851286 263.485321045
0.997019887 -0.074272998 0.020852497 -33.217765808 0.074428819 0.997203112 -0.006796496 -5.293284893 -0.020289380 0.008328267 0.999759436 265.559631348
0.996776581 -0.075748608 0.026427889 -33.185997009 0.075959347 0.997085929 -0.007062595 -5.346708298 -0.025815897 0.009047275 0.999625802 267.667724609
0.996604204 -0.076160647 0.031296641 -33.124362946 0.076419510 0.997050047 -0.007158604 -5.407773018 -0.030659115 0.009525968 0.999484479 269.703155518
0.996353626 -0.077224039 0.036274258 -33.058761597 0.077524312 0.996966243 -0.006943419 -5.459057331 -0.035628010 0.009730238 0.999317765 271.799072266
0.996109247 -0.077791385 0.041410912 -32.994903564 0.078094706 0.996929288 -0.005755399 -5.509746552 -0.040836025 0.008966981 0.999125600 273.917419434
0.995901346 -0.077715322 0.046272013 -32.906860352 0.078013763 0.996941268 -0.004676491 -5.565049171 -0.045767050 0.008267176 0.998917937 276.003997803
0.995751381 -0.076614745 0.051084571 -32.813644409 0.076947585 0.997024596 -0.004578150 -5.610821724 -0.050581820 0.008489534 0.998683810 278.077270508
0.995518029 -0.075841822 0.056497045 -32.710746765 0.076236606 0.997077882 -0.004862646 -5.661474228 -0.055963170 0.009147994 0.998390913 280.148986816
0.995266557 -0.075152397 0.061616339 -32.597213745 0.075610183 0.997124255 -0.005128648 -5.708498001 -0.061053727 0.009763192 0.998086691 282.234619141
0.994999111 -0.074590310 0.066429660 -32.475463867 0.075076535 0.997166038 -0.004849958 -5.759154320 -0.065879628 0.009813013 0.997779310 284.301757812
0.994666815 -0.074340500 0.071493484 -32.339992523 0.074843436 0.997185647 -0.004378036 -5.807560921 -0.070966803 0.009705506 0.997431457 286.381652832
0.994279265 -0.074693501 0.076351590 -32.184524536 0.075214431 0.997159481 -0.003966090 -5.850937843 -0.075838491 0.009686142 0.997073054 288.461395264
0.993755460 -0.076275781 0.081437856 -32.040428162 0.076756962 0.997045934 -0.002789913 -5.894981861 -0.080984481 0.009023414 0.996674538 290.517395020
0.993031859 -0.079598159 0.086902075 -31.876548767 0.080151342 0.996778488 -0.002889495 -5.935365200 -0.086392127 0.009834679 0.996212661 292.580627441
0.992442727 -0.081635155 0.091614224 -31.684747696 0.082515948 0.996572554 -0.005861517 -5.980922222 -0.090821713 0.013376853 0.995777309 294.622283936
0.991900504 -0.081832759 0.097144648 -31.510574341 0.083055429 0.996507943 -0.008602915 -6.040609360 -0.096101411 0.016601626 0.995233119 296.697174072
0.991544724 -0.079507291 0.102555439 -31.309633255 0.080958538 0.996666729 -0.010060268 -6.089637280 -0.101413734 0.018277943 0.994676411 298.772979736
0.991035879 -0.077130988 0.109082095 -31.119518280 0.078817762 0.996825814 -0.011230637 -6.151893139 -0.107869625 0.019727567 0.993969381 300.826385498
0.990582824 -0.074957609 0.114572190 -30.878570557 0.076745756 0.996986866 -0.011270424 -6.218066216 -0.113382161 0.019957218 0.993350983 302.873840332
0.990105629 -0.072567098 0.120103784 -30.651123047 0.074558824 0.997142375 -0.012167675 -6.278784275 -0.118877605 0.021002084 0.992686808 304.928283691
0.989532173 -0.071466312 0.125374004 -30.399234772 0.073489495 0.997228742 -0.011581055 -6.334882736 -0.124198914 0.020673495 0.992041945 306.970672607
0.988815606 -0.071609639 0.130827099 -30.138198853 0.073653862 0.997224867 -0.010847887 -6.392837524 -0.129687220 0.020362483 0.991345763 309.027801514
0.987990439 -0.072545573 0.136425495 -29.870731354 0.074490294 0.997179270 -0.009197394 -6.464336395 -0.135373458 0.019249316 0.990607619 311.075012207
0.987110257 -0.073419325 0.142207131 -29.602256775 0.075305991 0.997128904 -0.007923614 -6.512783527 -0.141217098 0.018530531 0.989805222 313.116241455
0.986356854 -0.074715726 0.146689251 -29.298614502 0.076711141 0.997021377 -0.007985473 -6.565070152 -0.145655677 0.019129230 0.989150405 315.158081055
0.985508323 -0.074680738 0.152303368 -28.997276306 0.076973930 0.996990561 -0.009208200 -6.615600586 -0.151157379 0.020798147 0.988290906 317.206512451
0.984569371 -0.075621963 0.157811195 -28.679908752 0.078235567 0.996880591 -0.010406598 -6.665286064 -0.156531975 0.022592466 0.987414479 319.240081787
0.983668089 -0.077291936 0.162551701 -28.348491669 0.079947025 0.996750474 -0.009846429 -6.721099854 -0.161262468 0.022681141 0.986650884 321.283782959
0.982739985 -0.077606149 0.167926729 -28.021263123 0.080117702 0.996751487 -0.008222850 -6.780377388 -0.166743070 0.021534828 0.985765219 323.294219971
0.981879711 -0.078045338 0.172687903 -27.668426514 0.080608644 0.996714890 -0.007870004 -6.827052593 -0.171506390 0.021647535 0.984945178 325.318817139
0.980925024 -0.078131184 0.177992970 -27.314853668 0.080668479 0.996716082 -0.007051596 -6.875799179 -0.176857486 0.021275513 0.984006524 327.365570068
0.980054319 -0.077051483 0.183184311 -26.947864532 0.079502366 0.996816218 -0.006062006 -6.921890259 -0.182133988 0.020504681 0.983059883 329.405517578
0.979128957 -0.076588862 0.188256815 -26.566940308 0.079096667 0.996849954 -0.005833761 -6.967303276 -0.187216967 0.020602493 0.982102513 331.449462891
0.978217185 -0.076365486 0.193026870 -26.187019348 0.078902259 0.996867299 -0.005477486 -7.018327713 -0.192003861 0.020588428 0.981178164 333.502838135
0.977256238 -0.076090425 0.197940692 -25.772781372 0.078781798 0.996875465 -0.005745860 -7.079787254 -0.196885020 0.021209303 0.980197072 335.623168945
0.976288557 -0.075112887 0.203023791 -25.366683960 0.078055404 0.996927738 -0.006513897 -7.128617287 -0.201910779 0.022206545 0.979152083 337.659454346
0.975338280 -0.074653491 0.207706541 -24.953346252 0.077839836 0.996939898 -0.007198296 -7.175213814 -0.206533581 0.023188621 0.978164613 339.703521729
0.974278033 -0.074334852 0.212735996 -24.530570984 0.077598937 0.996959925 -0.007023073 -7.220145702 -0.211567193 0.023350511 0.977084398 341.741424561
0.973203301 -0.075025447 0.217362523 -24.083824158 0.077940665 0.996946096 -0.004857271 -7.272562027 -0.216334358 0.021668494 0.976078868 343.758239746
0.972090602 -0.075181015 0.222233430 -23.635635376 0.077849664 0.996959746 -0.003260073 -7.320314884 -0.221312717 0.020469889 0.974988043 345.795928955
0.970976532 -0.073566660 0.227579743 -23.187744141 0.076051578 0.997101545 -0.002156976 -7.369899750 -0.226761416 0.019402172 0.973757029 347.790954590
0.969733536 -0.072468534 0.233163476 -22.728187561 0.074829184 0.997195601 -0.001282705 -7.413775444 -0.232416645 0.018691314 0.972436666 349.797302246
0.968237996 -0.072084114 0.239413872 -22.235649109 0.075049490 0.997174442 -0.003280242 -7.448328972 -0.238500953 0.021143941 0.970911980 351.836853027
0.966721654 -0.070920303 0.245803684 -21.739601135 0.074701212 0.997187436 -0.006079788 -7.496759415 -0.244681180 0.024239296 0.969300508 353.847778320
0.965110779 -0.070096307 0.252285033 -21.226425171 0.074696541 0.997168422 -0.008691008 -7.549039364 -0.250961453 0.027232600 0.967613935 355.866455078
0.963426828 -0.070082441 0.258644938 -20.705520630 0.075314827 0.997105837 -0.010364475 -7.600784302 -0.257169992 0.029465208 0.965916872 357.865264893
0.961665332 -0.070921227 0.264896065 -20.164070129 0.076562718 0.997003853 -0.011019305 -7.664091587 -0.263320982 0.030878052 0.964213967 359.867431641
0.959933937 -0.071114741 0.271052718 -19.612258911 0.077253491 0.996938884 -0.012031643 -7.723433495 -0.269367397 0.032489356 0.962489307 361.885559082
0.958129466 -0.071979590 0.277140617 -19.042823792 0.078046158 0.996890068 -0.010906321 -7.787499428 -0.275493652 0.032079428 0.960767448 363.866760254
0.956300378 -0.072997987 0.283127248 -18.463127136 0.078318439 0.996900082 -0.007502801 -7.845345974 -0.281701863 0.029349012 0.959052980 365.855682373
0.954423606 -0.074505761 0.289006025 -17.885963440 0.079018973 0.996865213 -0.003963125 -7.892357349 -0.287804723 0.026619457 0.957319081 367.837860107
0.952666461 -0.074107230 0.294846863 -17.298957825 0.078582264 0.996901989 -0.003340838 -7.934051037 -0.293685824 0.026352437 0.955538630 369.807006836
0.950864732 -0.074497916 0.300510168 -16.695167542 0.079258129 0.996847332 -0.003662738 -7.982316971 -0.299289942 0.027300641 0.953771532 371.780761719
0.949364603 -0.075355940 0.305005699 -16.071563721 0.079867020 0.996802747 -0.002320915 -8.026035309 -0.303855658 0.026563287 0.952347696 373.736633301
0.947564781 -0.075460613 0.310526431 -15.449417114 0.080067262 0.996787250 -0.002095599 -8.069557190 -0.309370667 0.026848715 0.950562418 375.699462891
0.946298003 -0.077073142 0.313974202 -14.814506531 0.081701592 0.996655524 -0.001588277 -8.108814240 -0.312801749 0.027155174 0.949430227 377.649536133
0.945189834 -0.078194380 0.317020327 -14.184356689 0.083079368 0.996541142 -0.001898468 -8.152219772 -0.315775275 0.028132260 0.948416829 379.594970703
0.944491506 -0.080091104 0.318623841 -13.521125793 0.085109413 0.996369898 -0.001835239 -8.186464310 -0.317320198 0.028851256 0.947879434 381.555206299
0.943443477 -0.080354214 0.321648210 -12.881370544 0.085734017 0.996314764 -0.002571486 -8.236976624 -0.320256203 0.030002244 0.946855783 383.483612061
0.942144275 -0.078859694 0.325799644 -12.224617004 0.084451534 0.996423006 -0.003032310 -8.275753021 -0.324395090 0.030371152 0.945434034 385.414794922
0.940214992 -0.077084385 0.331743538 -11.559867859 0.082552887 0.996583819 -0.002400701 -8.319871902 -0.330425173 0.029643562 0.943366587 387.361877441
0.938371539 -0.076113783 0.337143391 -10.880783081 0.081258558 0.996692419 -0.001152875 -8.360252380 -0.335940510 0.028477607 0.941452622 389.302978516
0.936452448 -0.075699680 0.342529386 -10.184516907 0.080470964 0.996756911 0.000283037 -8.393231392 -0.341439903 0.027298616 0.939507008 391.230804443
0.934578061 -0.074515581 0.347866982 -9.494338989 0.079281561 0.996852219 0.000535297 -8.428988457 -0.346811771 0.027079154 0.937543690 393.147674561
0.932616889 -0.073863685 0.353227675 -8.769989014 0.078922302 0.996880710 0.000082107 -8.464026451 -0.352132022 0.027800975 0.935537338 395.082244873
0.930645645 -0.073317245 0.358501256 -8.044403076 0.079180114 0.996858835 -0.001678360 -8.495206833 -0.357252121 0.029948132 0.933527648 396.996154785
0.928536654 -0.072680086 0.364056557 -7.308975220 0.079161599 0.996857524 -0.002891746 -8.539391518 -0.362702340 0.031504393 0.931372344 398.918090820
0.926402807 -0.072577059 0.369472951 -6.578247070 0.079242073 0.996851265 -0.002873205 -8.580005646 -0.368101060 0.031939548 0.929237008 400.805511475
0.924424231 -0.072140083 0.374480456 -5.818786621 0.078914545 0.996877551 -0.002765631 -8.627225876 -0.373111665 0.032108568 0.927230597 402.713745117
0.922297299 -0.071870662 0.379739553 -5.051376343 0.078749962 0.996891081 -0.002590388 -8.669286728 -0.378372788 0.032293580 0.925089777 404.618713379
0.920002282 -0.072588593 0.385132402 -4.269515991 0.079459183 0.996836245 -0.001930944 -8.707650185 -0.383773804 0.032378778 0.922859311 406.521148682
0.917744756 -0.073151000 0.390376210 -3.477157593 0.080466576 0.996754467 -0.002393051 -8.748652458 -0.388934195 0.033608451 0.920652330 408.413879395
0.915329874 -0.073532149 0.395934612 -2.682281494 0.081732005 0.996646881 -0.003854572 -8.784282684 -0.394323587 0.035888735 0.918270588 410.295410156
0.912989497 -0.074288145 0.401162714 -1.873397827 0.082965374 0.996543229 -0.004275473 -8.829010010 -0.399458379 0.037186079 0.915996730 412.170532227
0.910508871 -0.074641600 0.406696588 -1.055526733 0.083641559 0.996486306 -0.004369467 -8.867805481 -0.404941440 0.037995171 0.913552821 414.026977539
0.908177972 -0.075715408 0.411679476 -0.210632324 0.084509671 0.996417642 -0.003171524 -8.907323837 -0.409964651 0.037671205 0.911323190 415.906951904
0.905747414 -0.077380382 0.416693866 0.643936157 0.085563056 0.996332228 -0.000964590 -8.950137138 -0.415090889 0.036527261 0.909046352 417.767150879
0.903232217 -0.077806287 0.422039986 1.497955322 0.085928306 0.996301234 -0.000224355 -8.989928246 -0.420461535 0.036467817 0.906577170 419.623229980
0.900821030 -0.075706825 0.427539349 2.367767334 0.084084108 0.996458411 -0.000715794 -9.028867722 -0.425971061 0.036594070 0.903996408 421.496948242
0.898410678 -0.074492566 0.432792008 3.248718262 0.083019137 0.996547639 -0.000808485 -9.062424660 -0.431237638 0.036656380 0.901493311 423.350250244
0.896285295 -0.073091686 0.437413126 4.128204346 0.081610501 0.996664047 -0.000682252 -9.105857849 -0.435904115 0.036308993 0.899260342 425.202941895
0.894583225 -0.071811281 0.441094100 5.020782471 0.080392830 0.996762931 -0.000769098 -9.144722939 -0.439611048 0.036148828 0.897460520 427.027343750
0.892799854 -0.070006058 0.444980413 5.913833618 0.078374721 0.996923864 -0.000409485 -9.183060646 -0.443582952 0.035240795 0.895540178 428.845092773
0.890978873 -0.069124445 0.448752046 6.812240601 0.077760600 0.996971667 -0.000819890 -9.214824677 -0.447336465 0.035625730 0.893655837 430.665954590
0.889237821 -0.070230842 0.452021867 7.695999146 0.078231245 0.996934772 0.000994164 -9.246865273 -0.450706124 0.034478184 0.892006278 432.450683594
0.887254059 -0.072428375 0.455559492 8.612854004 0.079777323 0.996807873 0.003104796 -9.277015686 -0.454330176 0.033588573 0.890199959 434.269561768
0.885540724 -0.072793283 0.458823115 9.535919189 0.080481485 0.996752083 0.002805467 -9.314344406 -0.457537055 0.034442421 0.888523221 436.074096680
0.883951247 -0.072148994 0.461979002 10.482482910 0.080747262 0.996733904 0.001161747 -9.346216202 -0.460553974 0.036276612 0.886890113 437.894653320
0.881736219 -0.071662724 0.466267943 11.403854370 0.080944777 0.996718585 0.000119307 -9.372174263 -0.464746356 0.037636749 0.884643555 439.695312500
0.879874229 -0.071304008 0.469826788 12.344223022 0.080664426 0.996741354 0.000206681 -9.407669067 -0.468310505 0.037716448 0.882758617 441.493774414
0.877901554 -0.070597596 0.473608345 13.296936035 0.079824351 0.996808767 0.000621565 -9.450508118 -0.472140878 0.037259806 0.880735338 443.294250488
0.875897169 -0.069634199 0.477446645 14.250289917 0.079550855 0.996830702 -0.000554759 -9.486909866 -0.475894868 0.038467202 0.878660560 445.072387695
0.873738348 -0.069203153 0.481448084 15.213516235 0.080274411 0.996769905 -0.002407754 -9.523429871 -0.479726344 0.040751707 0.876471281 446.848815918
0.871755600 -0.068429351 0.485138655 16.190521240 0.080138184 0.996778011 -0.003405301 -9.562519073 -0.483342528 0.041846722 0.874430537 448.625610352
0.869154572 -0.068550602 0.489766479 17.164596558 0.080152616 0.996778965 -0.002726257 -9.609942436 -0.488001853 0.041625600 0.871849418 450.389434814
0.866913259 -0.069382519 0.493606597 18.156005859 0.081066012 0.996706128 -0.002275530 -9.649470329 -0.491822809 0.041987408 0.869682312 452.154479980
0.864680111 -0.069483005 0.497494131 19.156234741 0.080706164 0.996737361 -0.001062750 -9.681365013 -0.495797127 0.041069780 0.867466688 453.936218262
0.862406254 -0.068567909 0.501551509 20.148910522 0.079939984 0.996798933 -0.001180991 -9.723120689 -0.499865055 0.041112512 0.865126967 455.688903809
0.860188544 -0.066090345 0.505675495 21.163772583 0.078052483 0.996946156 -0.002474587 -9.755317688 -0.503967762 0.041597843 0.862720132 457.453186035
0.857924223 -0.063910834 0.509785652 22.182846069 0.076579891 0.997055829 -0.003878262 -9.796533585 -0.508036911 0.042366590 0.860292733 459.208679199
0.855555654 -0.061168499 0.514084578 23.220626831 0.073681444 0.997273982 -0.003962005 -9.840653419 -0.512440860 0.041268203 0.857730329 460.961303711
0.853220940 -0.060423486 0.518037558 24.264083862 0.072557911 0.997359216 -0.003173545 -9.880874634 -0.516477764 0.040295467 0.855351925 462.706848145
0.850421250 -0.061225116 0.522527635 25.306854248 0.073038571 0.997327089 -0.002013446 -9.918730736 -0.521007717 0.039876956 0.852619946 464.443481445
0.847534835 -0.064064458 0.526858985 26.373489380 0.074972399 0.997185409 0.000649942 -9.959303856 -0.525417686 0.038949024 0.849952519 466.189636230
0.844428539 -0.067369781 0.531414866 27.444976807 0.077694640 0.996972919 0.002932282 -9.994482994 -0.530003786 0.038811993 0.847106636 467.914550781
0.841207027 -0.069241330 0.536261380 28.525299072 0.080183364 0.996775866 0.002922591 -10.021533966 -0.534734726 0.040540744 0.844046891 469.636810303
0.837919354 -0.070857055 0.541175067 29.614410400 0.083340220 0.996519983 0.001437788 -10.043458939 -0.539393723 0.043896914 0.840908706 471.363769531
0.834630311 -0.069826521 0.546366692 30.722198486 0.083647333 0.996495247 -0.000426075 -10.077549934 -0.544422090 0.046057735 0.837545991 473.081481934
0.831108987 -0.067742452 0.551968157 31.786331177 0.082949877 0.996550322 -0.002593670 -10.115003586 -0.549888313 0.047941316 0.833861172 474.728149414
0.827751756 -0.065224215 0.557290673 32.907821655 0.081429444 0.996669769 -0.004299995 -10.152126312 -0.555154383 0.048939191 0.830306351 476.431579590
0.824219227 -0.064252026 0.562613964 34.033279419 0.079909682 0.996796787 -0.003229345 -10.197717667 -0.560604334 0.047619980 0.826713502 478.118896484
0.820793629 -0.064003631 0.567627847 35.180358887 0.078562796 0.996908426 -0.001194578 -10.232383728 -0.565796554 0.045574922 0.823284388 479.816680908
0.817447007 -0.063691139 0.572471738 36.345260620 0.076591074 0.997061253 0.001563117 -10.259039879 -0.570889056 0.042568449 0.819922984 481.508728027
0.813665867 -0.064520851 0.577741265 37.495529175 0.075433925 0.997137606 0.005120226 -10.295513153 -0.576417744 0.039415147 0.816203892 483.169738770
0.809956789 -0.064820670 0.582896531 38.675994873 0.074839100 0.997171700 0.006898157 -10.316750526 -0.581695080 0.038036238 0.812517166 484.845367432
0.806324840 -0.064098597 0.587989450 39.863647461 0.074704424 0.997186065 0.006262317 -10.337914467 -0.586736321 0.038875964 0.808844328 486.511108398
0.802993536 -0.063129306 0.592634737 41.067687988 0.075423256 0.997143507 0.004023700 -10.355783463 -0.591195941 0.041467443 0.805461228 488.165710449
0.799698949 -0.061722547 0.597220123 42.269104004 0.076096296 0.997099757 0.001154357 -10.383247375 -0.595559359 0.044523109 0.802076459 489.812286377
0.797153115 -0.060871601 0.600700855 43.506622314 0.077122763 0.997020662 -0.001312471 -10.410571098 -0.598831236 0.047373950 0.799472809 491.467529297
0.794608295 -0.060420800 0.604108393 44.703857422 0.077039830 0.997026801 -0.001614527 -10.452520370 -0.602214694 0.047823329 0.796900451 493.095153809
0.792647362 -0.060124699 0.606708586 45.940963745 0.076701313 0.997053087 -0.001400298 -10.482901573 -0.604836404 0.047645286 0.794923127 494.735687256
0.790498674 -0.060211726 0.609496832 47.199768066 0.076025419 0.997105896 -0.000099292 -10.520648956 -0.607726872 0.046415746 0.792788506 496.384033203
0.787882805 -0.060763720 0.612819970 48.456832886 0.075669408 0.997131765 0.001584162 -10.552478790 -0.611158431 0.045123592 0.790220976 498.025573730
0.784759223 -0.060693383 0.616821766 49.702072144 0.075167149 0.997167826 0.002485892 -10.582706451 -0.615225673 0.044413917 0.787098944 499.651550293
0.781615078 -0.060509030 0.620819032 50.981338501 0.075395204 0.997151077 0.002265731 -10.614109993 -0.619187534 0.045035843 0.783950627 501.278656006
0.778179646 -0.059923347 0.625176370 52.261810303 0.076496378 0.997069776 0.000351619 -10.640521049 -0.623365521 0.047550112 0.780483305 502.891876221
0.774750471 -0.059548557 0.629456639 53.557189941 0.077702455 0.996975660 -0.001321060 -10.671795845 -0.627474248 0.049933821 0.777034521 504.517944336
0.771198511 -0.059571370 0.633801162 54.844421387 0.079575308 0.996823907 -0.003133808 -10.717801094 -0.631601393 0.052851714 0.773489714 506.117431641
0.768049538 -0.058643349 0.637699544 56.149291992 0.079726458 0.996807277 -0.004355913 -10.756533623 -0.635408163 0.054187093 0.770272851 507.698730469
0.764566422 -0.056961674 0.642023027 57.472213745 0.077335596 0.996998489 -0.003640838 -10.807415962 -0.639888585 0.052434899 0.766676724 509.310882568
0.760964274 -0.056292117 0.646347165 58.801544189 0.074901499 0.997190118 -0.001335853 -10.844358444 -0.644455671 0.049428903 0.763042331 510.910278320
0.757347047 -0.056988154 0.650521159 60.134490967 0.073678859 0.997280777 0.001587528 -10.874419212 -0.648842692 0.046727344 0.759486377 512.497924805
0.754000068 -0.057789255 0.654327333 61.492630005 0.073187292 0.997311115 0.003745282 -10.893919945 -0.652784407 0.045064509 0.756202161 514.076538086
0.750384808 -0.059226207 0.658342600 62.858810425 0.073792085 0.997257829 0.005607020 -10.915212631 -0.656869352 0.044373050 0.752697647 515.659057617
0.746567905 -0.060483512 0.662554324 64.225387573 0.076228656 0.997077167 0.005126934 -10.947292328 -0.660927773 0.046678018 0.748996437 517.229675293
0.743396163 -0.059697378 0.666181982 65.576004028 0.077930368 0.996955991 0.002375502 -10.982990265 -0.664295912 0.050149873 0.745785475 518.733459473
0.740254223 -0.058773182 0.669753313 66.975616455 0.079427950 0.996840596 -0.000312631 -11.008105278 -0.667618871 0.053428557 0.742583632 520.294250488
0.736479700 -0.058066078 0.673962712 68.353134155 0.079897687 0.996801972 -0.001428332 -11.040672302 -0.671724617 0.054899998 0.738763988 521.831176758
0.732977509 -0.057424605 0.677824676 69.753936768 0.078432523 0.996919334 -0.000356385 -11.078715324 -0.675716162 0.053424727 0.735223472 523.379272461
0.729085267 -0.056686811 0.682071328 71.155319214 0.076754376 0.997049689 0.000819665 -11.111595154 -0.680105448 0.051754367 0.731285214 524.914123535
0.725597620 -0.056397706 0.685804188 72.587509155 0.074873216 0.997189105 0.002787001 -11.140997887 -0.684033692 0.049326129 0.727780819 526.455444336
0.722266793 -0.057445034 0.689224780 74.022918701 0.073618099 0.997268617 0.005972249 -11.164837837 -0.687685311 0.046425864 0.724523008 527.977905273
0.718624413 -0.059617341 0.692838192 75.463470459 0.073793292 0.997230470 0.009269928 -11.181064606 -0.691471934 0.044465218 0.721033633 529.502990723
0.714813709 -0.060333297 0.696707487 76.889526367 0.073901169 0.997209907 0.010534400 -11.198940277 -0.695399225 0.043957360 0.717278123 531.012573242
0.711519122 -0.059332568 0.700157225 78.361587524 0.075394310 0.997122586 0.007880160 -11.207990646 -0.698610187 0.047180992 0.713945210 532.519104004
