1.000000000 0.000000000 0.000000000 0.000000000 0.000000000 1.000000000 0.000000000 0.000000000 0.000000000 0.000000000 1.000000000 0.000000000
0.999991357 -0.002442813 -0.003364767 -0.002888165 0.002435374 0.999994576 -0.002213129 -0.005032740 0.003370155 0.002204915 0.999991894 0.666580260
0.999971867 -0.001340324 -0.007382922 -0.013425686 0.001313864 0.999992728 -0.003587525 -0.010349944 0.007387678 0.003577724 0.999966323 1.363891959
0.999938428 -0.001065212 -0.011047238 -0.032836750 0.001010596 0.999987245 -0.004948266 -0.013149017 0.011052365 0.004936796 0.999926746 2.064578056
0.999873638 0.000268226 -0.015896631 -0.053565927 -0.000358940 0.999983609 -0.005703948 -0.015379040 0.015894841 0.005708934 0.999857366 2.791466713
0.999795794 -0.000649559 -0.020198682 -0.071027286 0.000535196 0.999983728 -0.005666822 -0.029635705 0.020202035 0.005654854 0.999779940 3.540337086
0.999695301 0.001122713 -0.024658380 -0.096539177 -0.001295586 0.999974668 -0.006995862 -0.033618290 0.024649899 0.007025678 0.999671459 4.294173717
0.999562085 0.003803430 -0.029349247 -0.128337011 -0.004027957 0.999963045 -0.007594803 -0.044203639 0.029319279 0.007709693 0.999540389 5.055006981
0.999421179 0.003896733 -0.033794507 -0.158622369 -0.004101053 0.999973714 -0.005978742 -0.050720360 0.033770319 0.006113873 0.999411047 5.849444389
0.999255180 0.003303083 -0.038446918 -0.191698104 -0.003434420 0.999988556 -0.003350548 -0.057278678 0.038435414 0.003480096 0.999255002 6.650956631
0.999138951 0.002978479 -0.041381292 -0.235758334 -0.003009669 0.999995232 -0.000691457 -0.063953534 0.041379038 0.000815406 0.999143183 7.453748703
0.999019504 0.004249438 -0.044067107 -0.276294947 -0.004320636 0.999989510 -0.001520557 -0.072425492 0.044060171 0.001709464 0.999027431 8.266682625
0.998930454 0.003790668 -0.046081156 -0.322593123 -0.003876042 0.999990940 -0.001763451 -0.077499174 0.046074048 0.001940178 0.998936176 9.086764336
0.998861372 0.001285722 -0.047689561 -0.365586400 -0.001405487 0.999995947 -0.002477897 -0.083592832 0.047686178 0.002542103 0.998859167 9.915641785
0.998739898 0.000760766 -0.050180126 -0.402823091 -0.000834349 0.999998629 -0.001445446 -0.093836784 0.050178949 0.001485492 0.998739123 10.760679245
0.998660862 -0.000712544 -0.051729817 -0.448590636 0.000622372 0.999998212 -0.001759223 -0.101396471 0.051730976 0.001724672 0.998659551 11.613035202
0.998565435 0.001456938 -0.053523704 -0.500733912 -0.001668009 0.999991059 -0.003899042 -0.113056242 0.053517543 0.003982727 0.998558998 12.470306396
0.998492062 0.002062885 -0.054855883 -0.553947508 -0.002441259 0.999973714 -0.006831506 -0.119332001 0.054840341 0.006955122 0.998471022 13.328994751
0.998400986 0.005794834 -0.056231525 -0.615399837 -0.006269429 0.999946237 -0.008267267 -0.133631617 0.056180593 0.008606585 0.998383522 14.202054024
0.998318017 0.007028090 -0.057547804 -0.667946577 -0.007496795 0.999940395 -0.007932768 -0.145454764 0.057488628 0.008350851 0.998311162 15.086985588
0.998246431 0.005902990 -0.058898829 -0.724323273 -0.006281021 0.999960840 -0.006235248 -0.161164850 0.058859710 0.006594260 0.998244524 15.980027199
0.998172879 0.007087034 -0.060005277 -0.786494493 -0.007385476 0.999961436 -0.004753281 -0.173784733 0.059969276 0.005187764 0.998186707 16.877334595
0.998125196 0.006518448 -0.060857110 -0.845839500 -0.006815067 0.999965906 -0.004667731 -0.189324841 0.060824607 0.005073725 0.998135567 17.767877579
0.998022556 0.006387406 -0.062531367 -0.905411959 -0.006741977 0.999962389 -0.005460926 -0.201583326 0.062494133 0.005871713 0.998028040 18.673986435
0.997960329 0.004851858 -0.063651897 -0.963505864 -0.005242749 0.999968469 -0.005975503 -0.217735872 0.063620880 0.006297025 0.997954190 19.587808609
0.997924626 0.004953450 -0.064201407 -1.023670435 -0.005246071 0.999976516 -0.004390085 -0.229193300 0.064178154 0.004717780 0.997927308 20.493633270
0.997910440 0.006217425 -0.064311922 -1.087957740 -0.006308072 0.999979317 -0.001206529 -0.237242147 0.064303093 0.001609691 0.997929096 21.419395447
0.997964382 0.006960955 -0.063392147 -1.150490165 -0.006783311 0.999972403 0.003017086 -0.253843606 0.063411407 -0.002580936 0.997984111 22.344533920
0.998080909 0.005452752 -0.061682634 -1.207399845 -0.005102272 0.999969959 0.005838094 -0.259356827 0.061712615 -0.005512169 0.998078763 23.270198822
0.998177469 0.005754832 -0.060072862 -1.268661737 -0.005378680 0.999964833 0.006421397 -0.261729598 0.060107715 -0.006086580 0.998173356 24.209552765
0.998266399 0.006233045 -0.058526479 -1.329787612 -0.006034423 0.999975383 0.003569849 -0.267887145 0.058547284 -0.003210488 0.998279512 25.145833969
0.998304665 0.006752329 -0.057811316 -1.384673834 -0.006818044 0.999976456 -0.000939548 -0.278914660 0.057803605 0.001332114 0.998327076 26.088699341
0.998403251 0.005812511 -0.056188572 -1.447606802 -0.006036405 0.999974608 -0.003815795 -0.286973417 0.056164961 0.004148879 0.998412907 27.034458160
0.998454154 0.003385810 -0.055475671 -1.502562881 -0.003546391 0.999989808 -0.002796457 -0.295865268 0.055465627 0.002988873 0.998456120 27.997854233
0.998427212 0.001627251 -0.056040209 -1.549061656 -0.001503492 0.999996364 0.002250478 -0.307876945 0.056043666 -0.002162682 0.998425961 28.971117020
0.998372674 -0.002060513 -0.056989059 -1.603608370 0.002383301 0.999981582 0.005596644 -0.315939784 0.056976475 -0.005723359 0.998359084 29.944213867
0.998277962 -0.009484041 -0.057889149 -1.654273152 0.009793190 0.999939322 0.005058985 -0.323649794 0.057837646 -0.005617193 0.998310149 30.924095154
0.998171151 -0.011738439 -0.059301052 -1.705888271 0.011826661 0.999929428 0.001136932 -0.331227511 0.059283517 -0.001836187 0.998239458 31.884824753
0.998085082 -0.011417875 -0.060793132 -1.769228220 0.011248744 0.999931872 -0.003123617 -0.334053040 0.060824651 0.002433788 0.998145521 32.862945557
0.998018205 -0.009945606 -0.062134940 -1.851824045 0.009723845 0.999945164 -0.003870409 -0.342822254 0.062170025 0.003258549 0.998060286 33.842922211
0.997933388 -0.010437886 -0.063403323 -1.897962332 0.010336776 0.999944746 -0.001922534 -0.363265097 0.063419886 0.001263175 0.997986138 34.816219330
0.997886777 -0.007602989 -0.064529419 -1.970401525 0.007682124 0.999970019 0.000978303 -0.377325058 0.064520054 -0.001471958 0.997915268 35.810432434
0.997792661 -0.007121703 -0.066022038 -2.032486677 0.007284930 0.999970973 0.002231916 -0.388863564 0.066004217 -0.002707955 0.997815669 36.794647217
0.997739911 -0.006067408 -0.066917837 -2.104793787 0.006398905 0.999968290 0.004740556 -0.394806147 0.066886954 -0.005158043 0.997747183 37.772239685
0.997749388 -0.006177247 -0.066767476 -2.166918755 0.006719841 0.999946177 0.007905102 -0.403725952 0.066715039 -0.008335978 0.997737229 38.760948181
0.997718990 -0.000152062 -0.067503951 -2.242008209 0.000810249 0.999952376 0.009723086 -0.401125073 0.067499258 -0.009755602 0.997671604 39.749549866
0.997707784 -0.000205236 -0.067668982 -2.321901321 0.000830525 0.999957323 0.009212394 -0.406103194 0.067664191 -0.009247477 0.997665286 40.746616364
0.997710943 -0.000688247 -0.067618579 -2.378540993 0.001227141 0.999967754 0.007928405 -0.412638366 0.067610934 -0.007993234 0.997679770 41.736259460
0.997710526 0.001948695 -0.067600898 -2.459096909 -0.001596125 0.999984801 0.005269086 -0.412998557 0.067610137 -0.005149122 0.997698486 42.731487274
0.997675598 0.001304976 -0.068130411 -2.534533262 -0.000923965 0.999983788 0.005623592 -0.420569777 0.068136640 -0.005547570 0.997660577 43.704341888
0.997561932 -0.001014679 -0.069779061 -2.594233274 0.001503131 0.999974668 0.006947826 -0.431349069 0.069770254 -0.007035774 0.997538269 44.701797485
0.997518957 -0.000575536 -0.070395790 -2.668431520 0.001153880 0.999965906 0.008175207 -0.439691722 0.070388682 -0.008236152 0.997485697 45.687465668
0.997511327 0.002253735 -0.070470795 -2.751751900 -0.001939599 0.999987841 0.004525785 -0.450369388 0.070480160 -0.004377837 0.997503519 46.662242889
0.997447848 0.002671818 -0.071348853 -2.826524019 -0.002661208 0.999996364 0.000243760 -0.457232684 0.071349263 -0.000053263 0.997451365 47.619937897
0.997370958 0.003317598 -0.072389022 -2.880042791 -0.003396981 0.999993742 -0.000973527 -0.464060724 0.072385341 0.001216872 0.997376025 48.570793152
0.997359514 0.002251002 -0.072586983 -2.952614784 -0.002047101 0.999993742 0.002883340 -0.478579164 0.072593033 -0.002727134 0.997357905 49.551334381
0.997353613 0.000252972 -0.072702624 -3.024172068 0.000166304 0.999983370 0.005760891 -0.488617241 0.072702877 -0.005757736 0.997337043 50.514099121
0.997332752 -0.002165823 -0.072956175 -3.086719275 0.002642457 0.999975801 0.006437271 -0.495156169 0.072940476 -0.006612885 0.997314394 51.465499878
0.997296989 -0.005419515 -0.073275998 -3.155984402 0.005816533 0.999969542 0.005205810 -0.503436327 0.073245563 -0.005617950 0.997298181 52.424655914
0.997252285 -0.008223401 -0.073621951 -3.223911047 0.008547128 0.999955058 0.004083161 -0.512630463 0.073585071 -0.004701198 0.997277796 53.373332977
0.997173011 -0.009480821 -0.074539736 -3.296403408 0.009876963 0.999938905 0.004947681 -0.519645810 0.074488275 -0.005669920 0.997205734 54.327781677
0.997013211 -0.013167106 -0.076101094 -3.361822605 0.013902885 0.999861479 0.009146741 -0.522858143 0.075970128 -0.010177447 0.997058153 55.282176971
0.996979415 -0.013087671 -0.076555900 -3.434029102 0.014222143 0.999796689 0.014292463 -0.531423986 0.076353289 -0.015338081 0.996962786 56.219421387
0.996979535 -0.011377134 -0.076826930 -3.516553164 0.012646286 0.999791145 0.016053367 -0.526961088 0.076628253 -0.016976453 0.996915162 57.166992188
0.996865332 -0.010085744 -0.078470588 -3.590967417 0.011061993 0.999866605 0.012016218 -0.529193401 0.078338921 -0.012846594 0.996843994 58.093669891
0.996777594 -0.008565646 -0.079757825 -3.667031288 0.008962350 0.999949157 0.004617187 -0.537036717 0.079714239 -0.005317127 0.996803522 59.017372131
0.996731818 -0.006387984 -0.080528602 -3.749809742 0.006368433 0.999979556 -0.000499624 -0.542301714 0.080530152 -0.000014849 0.996752203 59.929615021
0.996689856 -0.001749407 -0.081278786 -3.834604979 0.001790080 0.999998271 0.000427539 -0.551667631 0.081277922 -0.000571619 0.996691346 60.828399658
0.996576309 0.000732740 -0.082674801 -3.911560297 -0.000487241 0.999995410 0.002989594 -0.568213224 0.082676604 -0.002939075 0.996572018 61.724201202
0.996490598 0.003465585 -0.083633251 -3.991089344 -0.003114813 0.999985814 0.004324282 -0.578688860 0.083647050 -0.004048605 0.996487141 62.611503601
0.996356905 0.003991598 -0.085187048 -4.063617706 -0.003616489 0.999983013 0.004557232 -0.596451402 0.085203774 -0.004232552 0.996354580 63.490345001
0.996262908 0.005543355 -0.086194247 -4.152397156 -0.005093638 0.999972165 0.005436545 -0.603667915 0.086221993 -0.004977186 0.996263504 64.332664490
0.996139884 0.006691352 -0.087523840 -4.231524944 -0.006202952 0.999963641 0.005850986 -0.612262368 0.087559804 -0.005285494 0.996145248 65.175765991
0.996009827 0.006163381 -0.089030653 -4.304566383 -0.005610315 0.999963403 0.006460989 -0.623426080 0.089067213 -0.005935719 0.996007919 65.994033813
0.995911241 0.005937657 -0.090142317 -4.378416061 -0.005297284 0.999958992 0.007341597 -0.628456175 0.090182215 -0.006834069 0.995901823 66.800025940
0.995748341 0.008759801 -0.091696955 -4.455595016 -0.007862905 0.999917686 0.010137795 -0.636051357 0.091778204 -0.009373689 0.995735347 67.600944519
0.995603621 0.010531873 -0.093071654 -4.532698631 -0.009243265 0.999855459 0.014265601 -0.642643631 0.093208447 -0.013342597 0.995557249 68.382240295
0.995432019 0.013213812 -0.094553627 -4.617980003 -0.011753506 0.999803126 0.015984513 -0.643553853 0.094746225 -0.014800158 0.995391548 69.164604187
0.995272458 0.016119888 -0.095774963 -4.698943138 -0.015054072 0.999816597 0.011840606 -0.650156140 0.095948264 -0.010342827 0.995332599 69.907608032
0.995131195 0.015894614 -0.097268797 -4.771031857 -0.015512075 0.999868691 0.004687820 -0.657334208 0.097330526 -0.003156156 0.995247126 70.630569458
0.994992733 0.015163660 -0.098789774 -4.843529224 -0.015352956 0.999881446 -0.001156175 -0.665595591 0.098760538 0.002667100 0.995107591 71.338600159
0.994939506 0.015760830 -0.099233024 -4.916793823 -0.016078528 0.999867797 -0.002402584 -0.670323968 0.099182054 0.003985946 0.995061278 72.028312683
0.994835377 0.018534537 -0.099795178 -4.998582840 -0.018515930 0.999827862 0.001112768 -0.679330528 0.099798627 0.000740780 0.995007396 72.709426880
0.994688630 0.018890684 -0.101181313 -5.069113255 -0.018643262 0.999820411 0.003390476 -0.696484029 0.101227187 -0.001486119 0.994862199 73.361366272
0.994659543 0.015578764 -0.102027833 -5.134817123 -0.015657522 0.999877274 0.000028946 -0.705243826 0.102015771 0.001568711 0.994781554 73.990753174
0.994741142 0.007382091 -0.102154769 -5.184385300 -0.007908362 0.999957442 -0.004747659 -0.724962711 0.102115378 0.005530570 0.994757175 74.604835510
0.994860828 0.003487658 -0.101192169 -5.238379478 -0.004498656 0.999942183 -0.009764401 -0.729818344 0.101152271 0.010169448 0.994818985 75.203575134
0.995134294 0.005594817 -0.098368548 -5.292991161 -0.006616609 0.999927461 -0.010064242 -0.741992295 0.098305099 0.010666139 0.995099247 75.783149719
0.995503724 0.010798179 -0.094104767 -5.361284256 -0.011490880 0.999910653 -0.006822161 -0.758110642 0.094022699 0.007872832 0.995538950 76.354446411
0.995949090 0.009213040 -0.089445375 -5.411733627 -0.009579862 0.999947309 -0.003672631 -0.768843412 0.089406826 0.004514627 0.995985031 76.912887573
0.996478498 0.005673423 -0.083656169 -5.448090076 -0.005675393 0.999983847 0.000214256 -0.774069250 0.083656028 0.000261279 0.996494710 77.456703186
0.997148573 0.001103058 -0.075454451 -5.478897095 -0.000812833 0.999992192 0.003876959 -0.788942397 0.075458147 -0.003804572 0.997141719 77.986816406
0.997873724 0.004767082 -0.065000661 -5.507711411 -0.004526414 0.999982297 0.003849314 -0.799867511 0.065017857 -0.003546910 0.997877777 78.504188538
0.998707592 0.009945744 -0.049842894 -5.536544800 -0.009800786 0.999946952 0.003151862 -0.803656578 0.049871597 -0.002659289 0.998752058 79.007606506
0.999383211 0.015042918 -0.031732794 -5.551186085 -0.014932809 0.999881625 0.003703963 -0.809170663 0.031784758 -0.003227819 0.999489546 79.501197815
0.999864399 0.013496875 -0.009432364 -5.542729378 -0.013456509 0.999900103 0.004329748 -0.816091299 0.009489864 -0.004202234 0.999946117 79.981956482
0.999812067 0.010102312 0.016547615 -5.508814335 -0.010190692 0.999934196 0.005265247 -0.821615160 -0.016493334 -0.005432889 0.999849141 80.439735413
0.998902917 0.008997931 0.045957234 -5.464666367 -0.009324278 0.999932706 0.006891627 -0.829680622 -0.045892131 -0.007312584 0.998919547 80.893814087
0.996819079 0.008544356 0.079238303 -5.410612583 -0.009243520 0.999921441 0.008460976 -0.837245405 -0.079159781 -0.009166504 0.996819794 81.347640991
0.993137300 0.008621990 0.116636485 -5.332225800 -0.009719460 0.999913692 0.008843845 -0.839587212 -0.116550170 -0.009916794 0.993135333 81.787918091
0.987355888 0.008342995 0.158299103 -5.244514465 -0.009902642 0.999909818 0.009066309 -0.847485900 -0.158209205 -0.010519254 0.987349570 82.198890686
0.979021966 0.008056705 0.203595087 -5.131074905 -0.010077465 0.999909759 0.008890595 -0.850867033 -0.203505069 -0.010755809 0.979014874 82.616256714
0.967565835 0.010362249 0.252406240 -4.996488571 -0.012500730 0.999898255 0.006870217 -0.859131336 -0.252309382 -0.009802649 0.967596948 83.015342712
0.952067316 0.011777828 0.305661649 -4.844106674 -0.013578929 0.999900758 0.003766900 -0.862203956 -0.305586964 -0.007736901 0.952132702 83.400329590
0.932292342 0.011948725 0.361508280 -4.664880753 -0.013429246 0.999908566 0.001583225 -0.866519928 -0.361456275 -0.006330808 0.932367563 83.769142151
0.908254027 0.011427489 0.418263018 -4.471187592 -0.012771043 0.999918401 0.000413128 -0.880350828 -0.418224096 -0.005716880 0.908325791 84.099983215
0.879131556 0.012146812 0.476424307 -4.258113861 -0.012857798 0.999915719 -0.001767524 -0.883700013 -0.476405650 -0.004571883 0.879213691 84.418395996
0.845551610 0.011004873 0.533780277 -4.017917633 -0.010559963 0.999936640 -0.003887710 -0.889002681 -0.533789217 -0.002349439 0.845614254 84.722869873
0.808657885 0.010447588 0.588186383 -3.755851746 -0.009191263 0.999944627 -0.005124941 -0.897755861 -0.588207364 -0.001261852 0.808709145 85.010787964
0.768810034 0.009367564 0.639408648 -3.478237152 -0.008395903 0.999954402 -0.004554647 -0.903337777 -0.639422059 -0.001866755 0.768853605 85.278579712
0.726603687 0.008990828 0.686998129 -3.183647156 -0.009796075 0.999948263 -0.002725625 -0.907463491 -0.686987042 -0.004749436 0.726654112 85.519294739
0.681673586 0.008203590 0.731610298 -2.882137299 -0.008731898 0.999957085 -0.003076684 -0.908177972 -0.731604338 -0.004291054 0.681715965 85.738403320
0.635874987 0.006197850 0.771767139 -2.548622131 -0.005578283 0.999978542 -0.003434489 -0.924534500 -0.771771908 -0.002121230 0.635895848 85.940277100
0.589148581 0.003301908 0.808017969 -2.220554352 0.000761854 0.999988914 -0.004641873 -0.929389358 -0.808024347 0.003350345 0.589139581 86.118469238
0.542548835 0.005092997 0.840008736 -1.886718750 -0.001525025 0.999985933 -0.005077953 -0.942220509 -0.840022802 0.001474004 0.542549074 86.285095215
0.495679498 0.008552838 0.868463397 -1.547542572 -0.004769123 0.999963224 -0.007125881 -0.941748738 -0.868492365 -0.000609655 0.495702118 86.439720154
0.450442076 0.009823768 0.892751634 -1.208061218 -0.005390835 0.999951184 -0.008283412 -0.957554817 -0.892789364 -0.001081479 0.450473100 86.569023132
0.407673895 0.007873683 0.913093626 -0.854957581 0.001111478 0.999957800 -0.009118967 -0.962230563 -0.913127005 0.004732448 0.407647878 86.684989929
0.367094219 0.000289178 0.930183828 -0.483041763 0.015417745 0.999860644 -0.006395408 -0.968983054 -0.930055976 0.016689051 0.367038608 86.793960571
0.331688374 -0.002968269 0.943384290 -0.116657257 0.019283332 0.999807417 -0.003634108 -0.970113218 -0.943191886 0.019396985 0.331681758 86.884925842
0.298295766 0.000587640 0.954473197 0.247024536 0.016902028 0.999839783 -0.005897859 -0.979681015 -0.954323769 0.017891837 0.298238039 86.980239868
0.267570466 0.008168746 0.963503599 0.618272781 0.006194666 0.999928832 -0.010197858 -0.993262768 -0.963518322 0.008697229 0.267500818 87.079109192
0.239018604 0.012967428 0.970928371 0.996141434 0.000560110 0.999908805 -0.013492369 -1.009351492 -0.971014798 0.003768754 0.238989547 87.167602539
0.213258713 0.014589770 0.976886868 1.386413574 0.001972774 0.999880016 -0.015363839 -1.022667408 -0.976993740 0.005203649 0.213204354 87.232597351
0.189826414 0.016119856 0.981685340 1.796779633 0.009031193 0.999794185 -0.018163558 -1.030503631 -0.981776118 0.012313714 0.189641774 87.287834167
0.169805929 0.022030281 0.985231221 2.207839012 0.015945366 0.999557734 -0.025098836 -1.034303904 -0.985348463 0.019971805 0.169379577 87.328453064
0.149918973 0.029172318 0.988267839 2.639147758 0.018172693 0.999314427 -0.032255173 -1.027337074 -0.988531291 0.022795150 0.149286032 87.385871887
0.132253617 0.029810928 0.990767539 3.077857018 0.015890816 0.999355376 -0.032190531 -1.039975166 -0.991088510 0.020001421 0.131694645 87.440208435
0.116884917 0.025574863 0.992816091 3.538957596 0.013805197 0.999529898 -0.027373103 -1.062215328 -0.993049622 0.016905524 0.116476893 87.490768433
0.102546006 0.022344181 0.994477332 4.006890297 0.013609247 0.999622583 -0.023863111 -1.081774473 -0.994635224 0.015981153 0.102203220 87.529769897
0.089226402 0.019874807 0.995813072 4.492179394 0.016632700 0.999631763 -0.021441337 -1.094867587 -0.995872498 0.018476190 0.088862963 87.564941406
0.077611491 0.019146942 0.996799827 4.985724449 0.020269627 0.999578655 -0.020778524 -1.108598351 -0.996777654 0.021817410 0.077190697 87.589881897
0.067386262 0.019804625 0.997530341 5.497714996 0.023307819 0.999498904 -0.021418219 -1.122690082 -0.997454703 0.024693551 0.066890895 87.616676331
0.059459690 0.020386025 0.998022556 6.031231403 0.025585089 0.999431849 -0.021939108 -1.132382512 -0.997902811 0.026838986 0.058904339 87.641242981
0.053957682 0.020489451 0.998332918 6.585219383 0.027021119 0.999393344 -0.021971643 -1.151790023 -0.998177528 0.028161617 0.053371307 87.666000366
0.048599184 0.021550903 0.998585761 7.144697666 0.028408900 0.999332964 -0.022949629 -1.165274501 -0.998414218 0.029484058 0.047954530 87.685859680
0.042682089 0.022297150 0.998839796 7.730933189 0.028557518 0.999315262 -0.023528069 -1.183176279 -0.998680472 0.029528612 0.042016100 87.708412170
0.037745181 0.022235936 0.999039948 8.334764481 0.030872323 0.999249160 -0.023406994 -1.198695660 -0.998810410 0.031726182 0.037030376 87.731765747
0.034970421 0.022287725 0.999139845 8.958082199 0.032199986 0.999207079 -0.023416245 -1.214256883 -0.998869538 0.032991175 0.034225032 87.747528076
0.032052748 0.021559801 0.999253631 9.595590591 0.033226434 0.999191642 -0.022624262 -1.235882521 -0.998933733 0.033926800 0.031310480 87.761291504
0.029570350 0.020900048 0.999344230 10.251750946 0.035355378 0.999133825 -0.021941813 -1.254631996 -0.998937249 0.035981014 0.028805817 87.778831482
0.028989995 0.020627780 0.999366820 10.930831909 0.039790817 0.998970747 -0.021773871 -1.272104502 -0.998787344 0.040396843 0.028139358 87.790267944
0.030130316 0.020154595 0.999342799 11.621060371 0.043589544 0.998818994 -0.021458264 -1.288914204 -0.998594999 0.044207446 0.029216202 87.806137085
0.032321628 0.019890308 0.999279559 12.327867508 0.045184899 0.998750687 -0.021341279 -1.311267495 -0.998455584 0.045842133 0.031382509 87.832206726
0.036384806 0.019950535 0.999138653 13.058065414 0.047789332 0.998622119 -0.021680523 -1.330265760 -0.998194635 0.048537005 0.035381243 87.852027893
0.040968895 0.019453498 0.998971045 13.797092438 0.048174568 0.998609185 -0.021422144 -1.349593997 -0.997998297 0.049002640 0.039974753 87.879806519
0.044904593 0.017778909 0.998833120 14.555038452 0.049983133 0.998549342 -0.020020954 -1.368522882 -0.997740090 0.050823845 0.043950815 87.915359497
0.048495073 0.016414605 0.998688519 15.320772171 0.048848566 0.998629510 -0.018785659 -1.387919068 -0.997628212 0.049695514 0.047626778 87.962570190
0.053047162 0.014215008 0.998490810 16.110975266 0.046327587 0.998787045 -0.016680490 -1.403639197 -0.997516811 0.047142524 0.052324276 88.001480103
0.056638021 0.013352885 0.998305380 16.903800964 0.045478508 0.998838067 -0.015940197 -1.420183897 -0.997358382 0.046304256 0.055964950 88.062370300
0.060990747 0.013870020 0.998041928 17.709980011 0.043251973 0.998927534 -0.016525473 -1.444024205 -0.997200847 0.044175185 0.060325436 88.117645264
0.064203508 0.018131441 0.997772217 18.505968094 0.040736828 0.998953879 -0.020774208 -1.465724230 -0.997104943 0.041979846 0.063397743 88.162002563
0.065528646 0.023703311 0.997569203 19.307609558 0.034922283 0.999050975 -0.026032507 -1.485250235 -0.997239411 0.036543269 0.064638697 88.225616455
0.065357096 0.026639851 0.997506261 20.115625381 0.032054413 0.999071598 -0.028781880 -1.513411522 -0.997346997 0.033855580 0.064442493 88.286804199
0.065508105 0.026185950 0.997508407 20.930805206 0.029615803 0.999164224 -0.028174335 -1.544946671 -0.997412443 0.031387653 0.064677835 88.347724915
0.065630056 0.024125833 0.997552335 21.743816376 0.026799848 0.999304354 -0.025931399 -1.580066442 -0.997484028 0.028436134 0.064937845 88.406127930
0.065674715 0.022930637 0.997577608 22.563644409 0.027821684 0.999305189 -0.024801970 -1.610536814 -0.997453153 0.029383151 0.064991117 88.460128784
0.065614030 0.021940915 0.997603834 23.389072418 0.025283391 0.999400735 -0.023643367 -1.646818161 -0.997524738 0.026774144 0.065019973 88.531990051
0.065774299 0.022536477 0.997579932 24.186120987 0.023556743 0.999431193 -0.024131482 -1.675882101 -0.997556388 0.025086969 0.065205999 88.582992554
0.065596834 0.023079298 0.997579277 25.000179291 0.020465812 0.999490976 -0.024469279 -1.708571792 -0.997636378 0.022021372 0.065091103 88.648162842
0.064589195 0.024370309 0.997614205 25.814338684 0.017478177 0.999520779 -0.025548479 -1.740412951 -0.997758865 0.019086638 0.064132273 88.709159851
0.061607484 0.024131775 0.997808695 26.623806000 0.014568890 0.999579310 -0.025074122 -1.770176172 -0.997994065 0.016081719 0.061230004 88.764823914
0.058009930 0.023141300 0.998047888 27.429111481 0.012377387 0.999637783 -0.023897583 -1.794257045 -0.998239279 0.013739523 0.057702497 88.810409546
0.053333983 0.020628966 0.998363674 28.242071152 0.010484220 0.999720037 -0.021217071 -1.823771715 -0.998521686 0.011598656 0.053102762 88.857078552
0.047140069 0.018494600 0.998717070 29.048519135 0.008214267 0.999787569 -0.018902140 -1.852958560 -0.998854458 0.009094778 0.046978131 88.899063110
0.039699662 0.018896826 0.999032974 29.854782104 0.008103319 0.999782145 -0.019233005 -1.877921939 -0.999178827 0.008859025 0.039537895 88.929260254
0.031294376 0.019652450 0.999317050 30.657089233 0.008031186 0.999769509 -0.019912848 -1.904378891 -0.999477983 0.008648861 0.031129329 88.952621460
0.021225398 0.020095071 0.999572694 31.460731506 0.008481215 0.999758422 -0.020278895 -1.930285096 -0.999738693 0.008908018 0.021049837 88.971687317
0.010854932 0.019119106 0.999758244 32.250816345 0.009469341 0.999770403 -0.019222153 -1.957742929 -0.999896228 0.009675707 0.010671392 88.976951599
-0.000023409 0.018003657 0.999837935 33.046199799 0.008310758 0.999803424 -0.018002842 -1.986230016 -0.999965429 0.008308990 -0.000173029 88.979682922
-0.011096124 0.017300084 0.999788821 33.830810547 0.009747352 0.999804795 -0.017192179 -2.010947227 -0.999890804 0.009554528 -0.011262585 88.967895508
-0.022114780 0.017730679 0.999598205 34.603069305 0.009897612 0.999797583 -0.017515244 -2.035024166 -0.999706447 0.009506290 -0.022285791 88.950202942
-0.033278484 0.018376190 0.999277234 35.381271362 0.009804436 0.999788761 -0.018059084 -2.058930874 -0.999398112 0.009196370 -0.033451624 88.924278259
-0.043607529 0.019283101 0.998862565 36.152622223 0.009168995 0.999779344 -0.018900504 -2.087388277 -0.999006689 0.008334361 -0.043774717 88.880859375
-0.053946663 0.020317161 0.998337090 36.915657043 0.009761360 0.999755979 -0.019818567 -2.110144377 -0.998496115 0.008675980 -0.054131821 88.839340210
-0.063612320 0.020901648 0.997755826 37.669906616 0.010966245 0.999734879 -0.020243954 -2.140820026 -0.997914433 0.009653872 -0.063824676 88.785964966
-0.072941914 0.021590449 0.997102439 38.426307678 0.011480917 0.999717534 -0.020807195 -2.163217783 -0.997270107 0.009929935 -0.073169202 88.725151062
-0.082229234 0.021922849 0.996372223 39.166278839 0.012213359 0.999705076 -0.020988228 -2.190636396 -0.996538579 0.010443207 -0.082472734 88.663017273
-0.090808108 0.021285284 0.995640934 39.895294189 0.013456773 0.999706447 -0.020144869 -2.215393543 -0.995777428 0.011568798 -0.091067880 88.589477539
-0.097909465 0.020135790 0.994991601 40.619049072 0.015207284 0.999708712 -0.018734824 -2.242010832 -0.995079160 0.013296802 -0.098187156 88.506759644
-0.103262626 0.018659869 0.994479120 41.342864990 0.018029451 0.999694824 -0.016885633 -2.265198708 -0.994490802 0.016186254 -0.103567556 88.432731628
-0.106923357 0.017231531 0.994117916 42.050739288 0.021489276 0.999656320 -0.015016230 -2.285688162 -0.994034946 0.019757289 -0.107256904 88.347045898
-0.109851211 0.015951358 0.993820012 42.756523132 0.022587771 0.999653041 -0.013548260 -2.306176901 -0.993691325 0.020959886 -0.110173404 88.272972107
-0.111745343 0.015007848 0.993623435 43.441532135 0.022598466 0.999665737 -0.012557631 -2.327751637 -0.993479848 0.021051109 -0.112047136 88.199790955
-0.112285718 0.015690988 0.993552029 44.120780945 0.023599831 0.999635398 -0.013119939 -2.343301296 -0.993395627 0.021974476 -0.112615056 88.117805481
-0.111185551 0.016674250 0.993659735 44.771858215 0.024265597 0.999606669 -0.014058845 -2.362742901 -0.993503451 0.022548603 -0.111546434 88.045219421
-0.108196422 0.018292423 0.993961275 45.391193390 0.025178885 0.999560416 -0.015654651 -2.383190632 -0.993810713 0.023333056 -0.108609445 87.979484558
-0.103156082 0.018782621 0.994487822 46.016437531 0.025319457 0.999547303 -0.016251845 -2.404816151 -0.994342864 0.023503415 -0.103584945 87.915336609
-0.095067255 0.019719217 0.995275497 46.614456177 0.024915932 0.999537766 -0.017423730 -2.421164989 -0.995159030 0.023141794 -0.095514603 87.862274170
-0.083865352 0.019663021 0.996283054 47.194725037 0.023402274 0.999568343 -0.017757904 -2.443484306 -0.996202290 0.021826014 -0.084289297 87.823234558
-0.070272818 0.019744063 0.997332454 47.749050140 0.023016753 0.999570012 -0.018166583 -2.467423439 -0.997262239 0.021678736 -0.070697062 87.793914795
-0.053457670 0.020676401 0.998356044 48.289989471 0.021666162 0.999574304 -0.019541502 -2.496683598 -0.998335123 0.020585900 -0.053882889 87.783599854
-0.031994134 0.023244457 0.999217749 48.816062927 0.019865364 0.999546826 -0.022616042 -2.515767813 -0.999290645 0.019126246 -0.032441389 87.777847290
-0.007288575 0.026434083 0.999624014 49.340499878 0.017754264 0.999496400 -0.026301255 -2.537041187 -0.999815881 0.017555889 -0.007754218 87.793907166
0.020841360 0.027908511 0.999393225 49.852962494 0.016113514 0.999471009 -0.028246716 -2.558719158 -0.999652982 0.016692435 0.020380631 87.830459595
0.053822704 0.027470790 0.998172700 50.360576630 0.013516701 0.999509811 -0.028236434 -2.579909801 -0.998459041 0.015011762 0.053424995 87.878829956
0.093650155 0.024888627 0.995294094 50.827163696 0.012704055 0.999576151 -0.026191074 -2.601638317 -0.995524049 0.015097064 0.093294278 87.909324646
0.134398505 0.020706378 0.990710974 51.364028931 0.010097877 0.999701083 -0.022264142 -2.632197380 -0.990875900 0.012996347 0.134149238 88.025207520
0.180592284 0.016372096 0.983421683 51.855449677 0.007518749 0.999809265 -0.018025631 -2.651370049 -0.983529270 0.010649391 0.180434734 88.131080627
0.228832126 0.013466583 0.973372638 52.340404510 0.003453386 0.999886870 -0.014645264 -2.661730766 -0.973459780 0.006712740 0.228759676 88.276031494
0.280367792 0.012033840 0.959817231 52.811859131 -0.000174309 0.999922037 -0.012485740 -2.675968885 -0.959892511 0.003333297 0.280348003 88.448524475
0.334907502 0.011445895 0.942181408 53.251281738 -0.001938098 0.999932528 -0.011458554 -2.697248459 -0.942248940 0.002011517 0.334907055 88.643638611
0.391559184 0.012774968 0.920064211 53.676887512 0.000848719 0.999898195 -0.014244646 -2.701577187 -0.920152545 0.006358498 0.391508430 88.866897583
0.452039421 0.015391611 0.891865134 54.094238281 0.002133453 0.999829590 -0.018336169 -2.722611427 -0.891995370 0.010191424 0.451929539 89.105087280
0.512354553 0.018797711 0.858568311 54.494544983 0.003324299 0.999709547 -0.023871683 -2.736711025 -0.858767569 0.015084904 0.512143195 89.370193481
0.571231365 0.023805402 0.820443869 54.846267700 -0.000150406 0.999582350 -0.028898437 -2.735619068 -0.820788980 0.016384294 0.570996404 89.651412964
0.625194669 0.026451953 0.780020475 55.174728394 -0.004173339 0.999524474 -0.030550780 -2.755203724 -0.780457675 0.015844889 0.625007629 89.989929199
0.678390384 0.027000053 0.734205246 55.499843597 -0.005471073 0.999482512 -0.031700335 -2.772888660 -0.734681249 0.017488314 0.678187072 90.334121704
0.726650417 0.024761725 0.686560988 55.776466370 -0.005443388 0.999526381 -0.030288000 -2.792156219 -0.686985910 0.018271569 0.726441085 90.689262390
0.771258414 0.022675857 0.636118054 56.030578613 -0.008218050 0.999636710 -0.025670355 -2.797942162 -0.636469066 0.014570829 0.771164656 91.075813293
0.813091815 0.018310029 0.581847429 56.286140442 -0.008886111 0.999779105 -0.019044101 -2.804518461 -0.582067609 0.010314242 0.813074946 91.478790283
0.849776328 0.016256027 0.526892722 56.506469727 -0.011190663 0.999855459 -0.012799796 -2.810715199 -0.527024627 0.004980682 0.849835396 91.903289795
0.880515337 0.013230044 0.473832995 56.685295105 -0.012009147 0.999912143 -0.005602494 -2.816946507 -0.473865449 -0.000757251 0.880596876 92.335968018
0.906136334 0.014289246 0.422744185 56.847381592 -0.015834955 0.999874651 0.000144711 -2.828557253 -0.422689080 -0.006825264 0.906248987 92.769607544
0.925823271 0.015864246 0.377623618 56.960731506 -0.018902496 0.999811888 0.004340585 -2.846811533 -0.377483726 -0.011156645 0.925948918 93.178543091
0.940901339 0.021270936 0.338011980 57.076324463 -0.025063865 0.999662340 0.006860330 -2.853088617 -0.337751925 -0.014926777 0.941116810 93.615013123
0.952741086 0.025450859 0.302715480 57.186820984 -0.028641868 0.999571204 0.006105869 -2.854251385 -0.302430242 -0.014487649 0.953061461 94.074714661
0.961860120 0.027729509 0.272132784 57.290916443 -0.030538848 0.999515057 0.006092758 -2.850903273 -0.271831810 -0.014171002 0.962240458 94.541580200
0.967807412 0.022529684 0.250681520 57.396316528 -0.024903705 0.999670029 0.006301782 -2.853768110 -0.250456780 -0.012341810 0.968049169 95.008308411
0.971836627 0.019964008 0.234807909 57.507926941 -0.022286240 0.999725521 0.007240227 -2.864968300 -0.234598845 -0.012269306 0.972014904 95.487586975
0.974604964 0.024112049 0.222629219 57.591636658 -0.026314242 0.999629676 0.006930230 -2.866745472 -0.222379655 -0.012612556 0.974878609 95.995376587
0.976605654 0.029717132 0.212974817 57.683052063 -0.032113407 0.999453843 0.007800158 -2.867330313 -0.212626666 -0.014457027 0.977026582 96.498344421
0.977820992 0.035854172 0.206351116 57.787452698 -0.037826188 0.999268532 0.005618037 -2.850761890 -0.205998778 -0.013298909 0.978461862 96.981094360
0.978190839 0.041743249 0.203470126 57.880905151 -0.043080073 0.999069273 0.002143473 -2.853888512 -0.203191295 -0.010862235 0.979078770 97.500419617
0.978252351 0.043253984 0.202857837 57.983844757 -0.044049233 0.999029160 -0.000595139 -2.857886791 -0.202686623 -0.008353535 0.979207933 98.041618347
0.977715194 0.042310726 0.205627874 58.096130371 -0.042393778 0.999093056 -0.004003827 -2.868664026 -0.205610767 -0.004802742 0.978622079 98.573143005
0.976998508 0.040681276 0.209330022 58.218582153 -0.039282292 0.999169469 -0.010838153 -2.867444754 -0.209597096 0.002365896 0.977784932 99.132560730
0.976226509 0.040464405 0.212942109 58.353534698 -0.038060687 0.999157131 -0.015377151 -2.872496843 -0.213384837 0.006906859 0.976943791 99.675613403
0.974964023 0.045350056 0.217689127 58.469306946 -0.043078315 0.998956561 -0.015172682 -2.879469872 -0.218150035 0.005415140 0.975900173 100.260917664
0.973556757 0.048356894 0.223268375 58.598907471 -0.047054823 0.998830020 -0.011151535 -2.890409470 -0.223546416 0.000350802 0.974693179 100.848587036
0.972638726 0.045011654 0.227920741 58.744697571 -0.044678167 0.998979509 -0.006625152 -2.898143768 -0.227986351 -0.003739201 0.973657131 101.445075989
0.971899629 0.041011978 0.231795296 58.894245148 -0.041939333 0.999119759 -0.000927804 -2.909273624 -0.231629312 -0.008819604 0.972764134 102.068618774
0.971129835 0.038604900 0.235406682 59.047252655 -0.040702209 0.999163032 0.004054862 -2.920883656 -0.235053137 -0.013519371 0.971888423 102.691696167
0.970552742 0.033958666 0.238483056 59.205657959 -0.036102526 0.999337316 0.004626086 -2.924345016 -0.238167956 -0.013099702 0.971135557 103.330497742
0.970546484 0.030335369 0.238996491 59.362545013 -0.031541418 0.999501765 0.001222450 -2.926472902 -0.238840312 -0.008724732 0.971019626 103.972892761
0.970682442 0.029799460 0.238510996 59.525138855 -0.029341968 0.999554455 -0.005469138 -2.935920715 -0.238567710 -0.001689585 0.971124351 104.618530273
0.970906436 0.031910349 0.237323165 59.684486389 -0.029911146 0.999480247 -0.012020894 -2.945373774 -0.237583444 0.004572556 0.971356332 105.257522583
0.971523821 0.034697480 0.234387994 59.841972351 -0.031865548 0.999366283 -0.015859846 -2.950078964 -0.234789759 0.007939314 0.972013831 105.934341431
0.972101927 0.033503510 0.232153803 60.002410889 -0.031598441 0.999429524 -0.011920958 -2.953655005 -0.232420772 0.004252689 0.972606003 106.631416321
0.972446501 0.029335886 0.231272891 60.163902283 -0.029168099 0.999565899 -0.004145469 -2.968855143 -0.231294110 -0.002714544 0.972880065 107.342468262
0.973056734 0.029798778 0.228632092 60.334480286 -0.031063076 0.999515653 0.001932333 -2.983654499 -0.228463754 -0.008982287 0.973511100 108.062965393
0.973310530 0.033406187 0.227047160 60.491981506 -0.034570299 0.999401510 0.001151479 -2.990011215 -0.226872876 -0.008969834 0.973883092 108.794479370
0.973646343 0.038797751 0.224738762 60.647377014 -0.039015427 0.999232471 -0.003474027 -2.996398926 -0.224701092 -0.005385806 0.974412799 109.521324158
0.974506438 0.039576244 0.220841080 60.811805725 -0.038628664 0.999216557 -0.008609587 -3.005986691 -0.221008748 -0.000140699 0.975271821 110.259918213
0.975442886 0.038209409 0.216912836 60.977626801 -0.036579896 0.999264240 -0.011523952 -3.014429569 -0.217193604 0.003306307 0.976122916 111.016105652
0.976376474 0.036143947 0.213032112 61.145053864 -0.034786347 0.999343574 -0.010118898 -3.023448229 -0.213258028 0.002469246 0.976992786 111.789825439
0.977206051 0.032571826 0.209779397 61.310066223 -0.031619105 0.999468803 -0.007894719 -3.038626194 -0.209925115 0.001081732 0.977716863 112.565475464
0.977664351 0.031214340 0.207841322 61.477394104 -0.030847726 0.999511421 -0.005005604 -3.050675154 -0.207896039 -0.001517632 0.978149772 113.359573364
0.977960587 0.028247461 0.206869885 61.642044067 -0.028272036 0.999596238 -0.002838104 -3.059055567 -0.206866518 -0.003073079 0.978364289 114.158691406
0.978163421 0.023067523 0.206553102 61.812343597 -0.023234081 0.999728739 -0.001619635 -3.069136620 -0.206534430 -0.003214804 0.978434026 114.950607300
0.978285730 0.023733141 0.205897063 61.977088928 -0.024256323 0.999705791 0.000016792 -3.078053236 -0.205836102 -0.005010733 0.978573620 115.753379822
0.978079915 0.029001741 0.206200108 62.141765594 -0.029181713 0.999571800 -0.002169118 -3.082521200 -0.206174701 -0.003895701 0.978507400 116.579376221
0.977821708 0.034610670 0.206559524 62.306320190 -0.034258541 0.999399066 -0.005282432 -3.096761227 -0.206618220 -0.001911150 0.978419781 117.386474609
0.977249503 0.043404322 0.207603991 62.466354370 -0.042905841 0.999055266 -0.006905463 -3.103627682 -0.207707569 -0.002159064 0.978188634 118.220054626
0.976377130 0.049118750 0.210416481 62.632087708 -0.048841920 0.998785257 -0.006515407 -3.112598419 -0.210480914 -0.003915650 0.977590144 119.045501709
0.975558162 0.051704474 0.213572115 62.797702789 -0.051991139 0.998638451 -0.004278165 -3.133011580 -0.213502556 -0.006930259 0.976917922 119.889038086
0.974986851 0.052357793 0.216007620 62.981094360 -0.052545410 0.998606622 -0.004878298 -3.153527737 -0.215962023 -0.006593934 0.976379514 120.723426819
0.974616408 0.050722435 0.218059495 63.161598206 -0.050194092 0.998707771 -0.007965213 -3.160375595 -0.218181714 -0.003182273 0.975903034 121.558151245
0.974607706 0.044582903 0.219436198 63.354000092 -0.044237603 0.998999953 -0.006489411 -3.175186157 -0.219506085 -0.003382702 0.975605249 122.403244019
0.974874556 0.038272444 0.219441980 63.555553436 -0.037418202 0.999267220 -0.008049261 -3.194908619 -0.219589263 -0.000364104 0.975592315 123.221504211
0.974661708 0.037060361 0.220593005 63.739543915 -0.036225870 0.999312937 -0.007828616 -3.214511395 -0.220731616 -0.000360922 0.975334525 124.049842834
0.974106371 0.039581012 0.222598821 63.925079346 -0.039448094 0.999208808 -0.005045224 -3.227114201 -0.222622424 -0.003866514 0.974897027 124.897430420
0.973663568 0.041878421 0.224109933 64.105194092 -0.043112736 0.999069989 0.000615006 -3.238497496 -0.223875776 -0.010260802 0.974563718 125.740318298
0.973307312 0.045904361 0.224867642 64.289047241 -0.048214927 0.998825490 0.004791737 -3.254860163 -0.224383563 -0.015505810 0.974377632 126.580017090
0.973095000 0.044960156 0.225975141 64.474670410 -0.045767721 0.998950720 -0.001666748 -3.266869068 -0.225812957 -0.008720462 0.974131644 127.390106201
0.973386943 0.040752936 0.225515068 64.668090820 -0.038075518 0.999143362 -0.016210947 -3.282618999 -0.225982502 0.007192924 0.974104822 128.199005127
