1.000000000 -0.000000000 0.000000000 -0.000000002 -0.000000000 1.000000000 -0.000000000 0.000000000 0.000000000 -0.000000000 1.000000000 -0.000000004
0.999991238 -0.002489619 -0.003357900 -0.002922941 0.002482246 0.999994516 -0.002198206 -0.005172958 0.003363354 0.002189851 0.999991953 0.666932464
0.999969602 -0.001671885 -0.007611503 -0.007312976 0.001645330 0.999992490 -0.003493679 -0.010617441 0.007617287 0.003481049 0.999964952 1.373364210
0.999934256 -0.001320513 -0.011387112 -0.023343321 0.001264228 0.999986947 -0.004948692 -0.013022857 0.011393499 0.004933971 0.999922931 2.074145555
0.999868155 -0.000067756 -0.016231831 -0.043757718 -0.000026610 0.999983013 -0.005813339 -0.014283156 0.016231952 0.005813005 0.999851406 2.801059008
0.999790788 -0.001094607 -0.020424467 -0.062828362 0.000980257 0.999983788 -0.005607859 -0.029991515 0.020430274 0.005586666 0.999775708 3.534384489
0.999688148 0.000714492 -0.024963554 -0.087997578 -0.000890102 0.999974847 -0.007024231 -0.032613337 0.024957910 0.007044260 0.999663770 4.290070057
0.999559700 0.003556912 -0.029460117 -0.123852491 -0.003782361 0.999963880 -0.007600528 -0.042890485 0.029432025 0.007708610 0.999537051 5.049358368
0.999409974 0.003715669 -0.034146536 -0.149043113 -0.003918964 0.999975026 -0.005888587 -0.051463157 0.034123793 0.006018931 0.999399483 5.848578930
0.999247432 0.003102863 -0.038664147 -0.183417112 -0.003240014 0.999988735 -0.003485089 -0.055059426 0.038652893 0.003607738 0.999246240 6.652145863
0.999119163 0.002737009 -0.041872784 -0.225585967 -0.002759527 0.999996066 -0.000479964 -0.066324569 0.041871306 0.000595090 0.999122798 7.454309940
0.999014676 0.004134296 -0.044188492 -0.273978502 -0.004197347 0.999990404 -0.001334180 -0.073219799 0.044182546 0.001518339 0.999022365 8.266477585
0.998897076 0.003823180 -0.046795953 -0.310909718 -0.003913464 0.999990582 -0.001837860 -0.077929147 0.046788495 0.002018967 0.998902798 9.107740402
0.998832047 0.001044370 -0.048305649 -0.354660392 -0.001163027 0.999996424 -0.002428358 -0.082943022 0.048302945 0.002481703 0.998829663 9.941830635
0.998720527 0.000550163 -0.050565980 -0.396637738 -0.000627372 0.999998629 -0.001511035 -0.091961578 0.050565086 0.001540825 0.998719633 10.789815903
0.998607934 -0.001252167 -0.052729696 -0.438263893 0.001147748 0.999997318 -0.002010499 -0.098766312 0.052732076 0.001947180 0.998606801 11.646320343
0.998540103 0.001202824 -0.054003108 -0.489866674 -0.001419607 0.999991119 -0.003976079 -0.111775219 0.053997856 0.004046937 0.998532891 12.493941307
0.998467982 0.001567928 -0.055311810 -0.546965837 -0.001951796 0.999974430 -0.006886738 -0.118118055 0.055299595 0.006984144 0.998445451 13.360172272
0.998381734 0.005519956 -0.056601014 -0.611639261 -0.006018141 0.999944627 -0.008635040 -0.131190494 0.056550220 0.008961698 0.998359561 14.228679657
0.998287618 0.006189315 -0.058169246 -0.657922208 -0.006668244 0.999945462 -0.008042868 -0.144823447 0.058116291 0.008416983 0.998274326 15.133087158
0.998209536 0.005743887 -0.059536368 -0.712515354 -0.006127196 0.999961674 -0.006257656 -0.164547428 0.059498135 0.006611243 0.998206496 16.024433136
0.998126268 0.006498307 -0.060840718 -0.772698939 -0.006820311 0.999963820 -0.005086397 -0.173222974 0.060805459 0.005491820 0.998134494 16.922248840
0.998071551 0.006035042 -0.061780639 -0.833806634 -0.006335185 0.999969184 -0.004663477 -0.192715660 0.061750583 0.005045876 0.998078823 17.828922272
0.997963548 0.005976737 -0.063505568 -0.889947891 -0.006350282 0.999963701 -0.005681860 -0.202865452 0.063469306 0.006073568 0.997965276 18.731143951
0.997895658 0.004444408 -0.064686760 -0.949972153 -0.004866865 0.999967813 -0.006374707 -0.215593517 0.064656347 0.006676115 0.997885346 19.645795822
0.997858524 0.004162450 -0.065276437 -1.008000612 -0.004474733 0.999979258 -0.004638529 -0.226932168 0.065255769 0.004920691 0.997856498 20.563140869
0.997862995 0.006328919 -0.065033644 -1.076401472 -0.006424883 0.999978542 -0.001266633 -0.239115909 0.065024249 0.001681760 0.997882307 21.490207672
0.997923255 0.007271485 -0.064002946 -1.140349746 -0.007120653 0.999971330 0.002584427 -0.249547750 0.064019918 -0.002123317 0.997946382 22.419284821
0.998049855 0.006432261 -0.062090404 -1.208596230 -0.006131493 0.999968588 0.005033349 -0.251051724 0.062120829 -0.004642827 0.998057961 23.353551865
0.998114049 0.006380907 -0.061055027 -1.258660913 -0.006025413 0.999963820 0.006004868 -0.258460969 0.061091144 -0.005625662 0.998116314 24.302457809
0.998194277 0.006880037 -0.059672721 -1.315755010 -0.006704683 0.999972641 0.003138304 -0.265894473 0.059692673 -0.002732550 0.998213053 25.244813919
0.998231292 0.007350720 -0.058994569 -1.373334050 -0.007455175 0.999971032 -0.001550665 -0.271882474 0.058981467 0.001987737 0.998257101 26.185628891
0.998315036 0.007166455 -0.057582706 -1.429678440 -0.007434056 0.999962568 -0.004434377 -0.283783764 0.057548784 0.004854979 0.998330951 27.132936478
0.998353004 0.004428145 -0.057199594 -1.479575872 -0.004639669 0.999982893 -0.003565755 -0.292990625 0.057182830 0.003825270 0.998356402 28.093736649
0.998369277 0.002790440 -0.057017710 -1.542471290 -0.002712337 0.999995351 0.001447128 -0.304239005 0.057021495 -0.001290117 0.998372138 29.067779541
0.998327553 -0.000683210 -0.057806652 -1.595847368 0.000967791 0.999987483 0.004895128 -0.314562112 0.057802595 -0.004942886 0.998315811 30.029390335
0.998222291 -0.008191983 -0.059034675 -1.643650889 0.008467270 0.999954402 0.004414486 -0.322565496 0.058995821 -0.004906502 0.998246253 31.005172729
0.998118460 -0.010552036 -0.060402464 -1.697833657 0.010596049 0.999943852 0.000408416 -0.326965064 0.060394764 -0.001047675 0.998174071 31.972322464
0.998038948 -0.010177962 -0.061763380 -1.762334585 0.009972854 0.999943793 -0.003628267 -0.333983988 0.061796833 0.003005194 0.998084366 32.949047089
0.997944891 -0.009051931 -0.063434839 -1.842792749 0.008798745 0.999952257 -0.004269500 -0.344904125 0.063470446 0.003702579 0.997976899 33.930599213
0.997858942 -0.009240972 -0.064747110 -1.887637973 0.009086146 0.999955118 -0.002685325 -0.360658437 0.064769030 0.002091273 0.997898102 34.913135529
0.997790039 -0.006208424 -0.066156343 -1.958966374 0.006223436 0.999980569 0.000020829 -0.373156875 0.066154912 -0.000432504 0.997809291 35.909786224
0.997718036 -0.006012012 -0.067250147 -2.027926445 0.006126410 0.999980271 0.001494966 -0.387113631 0.067239836 -0.001903557 0.997735083 36.896686554
0.997652173 -0.005084447 -0.068296559 -2.098481178 0.005372379 0.999977410 0.004032882 -0.393391490 0.068274505 -0.004390328 0.997656941 37.875091553
0.997664273 -0.004967079 -0.068126999 -2.163086414 0.005466183 0.999959469 0.007141650 -0.403701752 0.068088785 -0.007497365 0.997651100 38.864711761
0.997641563 0.000861879 -0.068634301 -2.243055582 -0.000225988 0.999956906 0.009272150 -0.404909670 0.068639353 -0.009234771 0.997598827 39.848587036
0.997633159 0.000833977 -0.068756387 -2.318850994 -0.000244295 0.999962986 0.008584362 -0.411796093 0.068761006 -0.008547246 0.997596622 40.828483582
0.997628033 0.001093446 -0.068826899 -2.380384684 -0.000610594 0.999975085 0.007036102 -0.415840954 0.068832852 -0.006977388 0.997603834 41.834461212
0.997624755 0.003489824 -0.068794183 -2.461001158 -0.003172520 0.999983847 0.004721083 -0.419695497 0.068809539 -0.004491619 0.997619689 42.828643799
0.997580588 0.003038027 -0.069452867 -2.539120674 -0.002706839 0.999984503 0.004862152 -0.426826209 0.069466546 -0.004662391 0.997573376 43.804370880
0.997485101 0.000833994 -0.070872255 -2.599450111 -0.000414428 0.999982297 0.005934529 -0.436448514 0.070875950 -0.005890232 0.997467756 44.790779114
0.997426331 0.001211913 -0.071688376 -2.672234535 -0.000703203 0.999974370 0.007120941 -0.444481909 0.071695164 -0.007052203 0.997401655 45.775638580
0.997425139 0.004125774 -0.071596920 -2.759537458 -0.003889087 0.999986470 0.003444909 -0.456206024 0.071610175 -0.003157592 0.997427642 46.749732971
0.997338712 0.004082531 -0.072792068 -2.827177286 -0.004139536 0.999991298 -0.000632291 -0.462031960 0.072788849 0.000931934 0.997346878 47.710853577
0.997288227 0.005190629 -0.073410414 -2.904921532 -0.005350192 0.999983788 -0.001977096 -0.468922377 0.073398955 0.002364494 0.997299850 48.681282043
0.997292519 0.003945295 -0.073429741 -2.982734680 -0.003828476 0.999991238 0.001731577 -0.487964153 0.073435932 -0.001445765 0.997298896 49.653327942
0.997266352 0.001964212 -0.073865682 -3.040117741 -0.001607940 0.999986827 0.004882407 -0.497132301 0.073874302 -0.004750289 0.997256398 50.600158691
0.997244716 0.000263515 -0.074180566 -3.112841129 0.000151196 0.999984384 0.005584883 -0.508000135 0.074180871 -0.005580712 0.997229218 51.563785553
0.997217238 -0.003073636 -0.074486092 -3.183149815 0.003395311 0.999985516 0.004192343 -0.515639305 0.074472114 -0.004433582 0.997213244 52.522319794
0.997177541 -0.006356128 -0.074809872 -3.245108366 0.006603548 0.999973476 0.003060413 -0.522265911 0.074788459 -0.003545787 0.997193098 53.460105896
0.997103870 -0.007769761 -0.075654611 -3.320402145 0.008114119 0.999958038 0.004245395 -0.532461643 0.075618461 -0.004846971 0.997125030 54.412578583
0.996938169 -0.011495373 -0.077345230 -3.383033276 0.012176022 0.999891102 0.008334297 -0.536259592 0.077240989 -0.009250536 0.996969521 55.362003326
0.996908545 -0.011837292 -0.077673540 -3.459157944 0.012927587 0.999824643 0.013549111 -0.545921862 0.077499568 -0.014511359 0.996886730 56.307388306
0.996904433 -0.010131223 -0.077966392 -3.543061256 0.011390630 0.999811471 0.015725449 -0.545926750 0.077792391 -0.016564861 0.996831954 57.253356934
0.996791303 -0.008828699 -0.079555593 -3.619240999 0.009755608 0.999888957 0.011269935 -0.543616176 0.079447269 -0.012009889 0.996766686 58.185672760
0.996697128 -0.007215906 -0.080887593 -3.696667671 0.007557960 0.999963820 0.003923367 -0.554043233 0.080856368 -0.004521756 0.996715546 59.088779449
0.996619105 -0.005300058 -0.081988186 -3.771283865 0.005229084 0.999985754 -0.001080376 -0.564373136 0.081992730 0.000648000 0.996632755 60.014930725
0.996581793 -0.000019882 -0.082611173 -3.858333588 -0.000007000 1.000000000 -0.000325122 -0.575723946 0.082611173 0.000324589 0.996581912 60.911411285
0.996436477 0.002517803 -0.084308028 -3.941509724 -0.002343271 0.999994934 0.002169054 -0.589382827 0.084313065 -0.001963769 0.996437371 61.814250946
0.996388912 0.005134949 -0.084750600 -4.028098106 -0.004848273 0.999981821 0.003588063 -0.604671717 0.084767468 -0.003164212 0.996395767 62.682285309
0.996279716 0.005694962 -0.085989296 -4.106153011 -0.005444449 0.999980271 0.003147529 -0.612067223 0.086005531 -0.002667655 0.996291101 63.548973083
0.996146798 0.007397327 -0.087388575 -4.187011242 -0.007026477 0.999964952 0.004550541 -0.627378523 0.087419182 -0.003918972 0.996163905 64.395233154
0.996024191 0.008462634 -0.088680118 -4.268611908 -0.008035230 0.999954343 0.005175501 -0.639447808 0.088719875 -0.004442358 0.996046722 65.234794617
0.995872617 0.008420220 -0.090370879 -4.340430260 -0.007958173 0.999953330 0.005471902 -0.649362564 0.090412743 -0.004730130 0.995893180 66.056594849
0.995773971 0.008241137 -0.091468051 -4.416223049 -0.007671832 0.999948978 0.006573935 -0.656785846 0.091517560 -0.005844425 0.995786309 66.860656738
0.995618641 0.010920377 -0.092866898 -4.499003410 -0.010111880 0.999906838 0.009172071 -0.661176682 0.092958383 -0.008192825 0.995636344 67.658134460
0.995485067 0.012490290 -0.094092712 -4.579228878 -0.011273110 0.999845862 0.013456447 -0.670309186 0.094246298 -0.012334974 0.995472491 68.444801331
0.995295346 0.015495875 -0.095640011 -4.663113117 -0.014130466 0.999788642 0.014937385 -0.669323444 0.095851280 -0.013515675 0.995303869 69.219413757
0.995127499 0.018477846 -0.096851312 -4.744956970 -0.017477911 0.999784946 0.011162724 -0.683789551 0.097036771 -0.009415576 0.995236278 69.960128784
0.994971514 0.018665383 -0.098404042 -4.818519115 -0.018373741 0.999823809 0.003869186 -0.691590905 0.098458916 -0.002041682 0.995139062 70.682090759
0.994851828 0.017578170 -0.099803351 -4.894010544 -0.017865237 0.999838412 -0.001983257 -0.698270202 0.099752367 0.003756058 0.995005131 71.391067505
0.994802117 0.017941950 -0.100233845 -4.967706680 -0.018373875 0.999825418 -0.003387590 -0.702390194 0.100155577 0.005211666 0.994958103 72.084228516
0.994684160 0.020817420 -0.100846872 -5.049161911 -0.020903802 0.999781489 0.000200202 -0.710300565 0.100828998 0.001908946 0.994901955 72.760574341
0.994555235 0.021469232 -0.101975515 -5.124544144 -0.021298191 0.999769390 0.002765866 -0.730245709 0.102011375 -0.000578913 0.994783103 73.413833618
0.994505703 0.018017946 -0.103120439 -5.186766148 -0.018211098 0.999833763 -0.000931830 -0.736452222 0.103086501 0.002804647 0.994668484 74.042434692
0.994600177 0.009854158 -0.103313051 -5.235385895 -0.010475897 0.999930143 -0.005477109 -0.761306584 0.103251867 0.006529829 0.994633794 74.657905579
0.994733930 0.005943120 -0.102319434 -5.290547848 -0.007049752 0.999920487 -0.010457259 -0.767772138 0.102249153 0.011123516 0.994696617 75.253410339
0.995040834 0.008149130 -0.099133357 -5.351799011 -0.009283165 0.999896526 -0.010983597 -0.776179433 0.099033616 0.011849398 0.995013535 75.838836670
0.995392740 0.013356834 -0.094946086 -5.415116310 -0.014147762 0.999870479 -0.007661964 -0.795899153 0.094831444 0.008969937 0.995452881 76.406608582
0.995836735 0.011818759 -0.090384878 -5.464027405 -0.012260341 0.999915361 -0.004331875 -0.809258163 0.090326041 0.005421989 0.995897412 76.963279724
0.996384382 0.008358155 -0.084547207 -5.502857685 -0.008447696 0.999964058 -0.000701342 -0.811953783 0.084538303 0.001413035 0.996419251 77.508979797
0.997074127 0.003721820 -0.076350860 -5.531891823 -0.003509081 0.999989510 0.002920331 -0.828482628 0.076360926 -0.002643865 0.997076809 78.036537170
0.997801542 0.007453414 -0.065852404 -5.560267448 -0.007284148 0.999969482 0.002810121 -0.837682366 0.065871328 -0.002324264 0.997825444 78.550193787
0.998633564 0.012665766 -0.050700232 -5.589190483 -0.012571521 0.999918580 0.002177318 -0.843386054 0.050723672 -0.001536964 0.998711586 79.054893494
0.999318063 0.017624466 -0.032448493 -5.606145859 -0.017545588 0.999842405 0.002714045 -0.850458264 0.032491211 -0.002142866 0.999469697 79.549690247
0.999815047 0.016323565 -0.010173801 -5.597542286 -0.016289545 0.999861538 0.003417807 -0.858606339 0.010228187 -0.003251448 0.999942422 80.029594421
0.999791801 0.012928681 0.015794476 -5.562272072 -0.012994788 0.999907076 0.004089827 -0.861495852 -0.015740141 -0.004294221 0.999866843 80.482475281
0.998918355 0.011751493 0.044987544 -5.514966965 -0.012023106 0.999911070 0.005771797 -0.871832669 -0.044915717 -0.006306444 0.998970926 80.939758301
0.996894836 0.011235591 0.077939093 -5.456578255 -0.011825918 0.999904692 0.007116794 -0.877741098 -0.077851705 -0.008016396 0.996932685 81.387596130
0.993206322 0.011325411 0.115814410 -5.385585785 -0.012268861 0.999897063 0.007436582 -0.881975889 -0.115718253 -0.008806974 0.993242979 81.832214355
0.987438619 0.011324022 0.157596841 -5.300496101 -0.012630414 0.999893606 0.007290401 -0.886581779 -0.157497525 -0.009189335 0.987476647 82.230209351
0.979190350 0.010971870 0.202647433 -5.183931351 -0.012633592 0.999896348 0.006908339 -0.889735103 -0.202550650 -0.009324743 0.979227364 82.647140503
0.967764378 0.013062023 0.251518309 -5.048061371 -0.014759519 0.999879301 0.004863639 -0.899835765 -0.251424402 -0.008419145 0.967840314 83.049705505
0.952219546 0.014435664 0.305073053 -4.899711609 -0.015796909 0.999873161 0.001993922 -0.906459987 -0.305005610 -0.006717861 0.952326953 83.436721802
0.932505012 0.014637236 0.360860288 -4.720256805 -0.015545279 0.999879062 -0.000386348 -0.912015021 -0.360822320 -0.005249401 0.932619810 83.804496765
0.908619881 0.014974476 0.417355359 -4.530492783 -0.015520643 0.999877393 -0.002085213 -0.922448039 -0.417335391 -0.004582957 0.908740938 84.115989685
0.879504442 0.015341119 0.475643277 -4.313812256 -0.015100043 0.999876618 -0.004328185 -0.926495552 -0.475650966 -0.003375575 0.879627645 84.445915222
0.846146047 0.014049613 0.532765865 -4.071006775 -0.012355719 0.999900937 -0.006744951 -0.933036864 -0.532807887 -0.000875491 0.846235812 84.750419617
0.809233606 0.013716243 0.587326765 -3.810604095 -0.011022147 0.999905884 -0.008164897 -0.942237318 -0.587383509 0.000133707 0.809308767 85.042053223
0.769201875 0.012515247 0.638883173 -3.535346985 -0.010032169 0.999921441 -0.007509196 -0.951328516 -0.638927042 -0.000633296 0.769267142 85.312973022
0.727535367 0.011289249 0.685977221 -3.241065979 -0.010971073 0.999928176 -0.004820271 -0.965652466 -0.685982466 -0.004018988 0.727607012 85.544174194
0.683779538 0.010197702 0.729617238 -2.934246063 -0.009167437 0.999943495 -0.005384492 -0.964785814 -0.729631066 -0.003006914 0.683834434 85.743965149
0.637202799 0.008942856 0.770644188 -2.614768982 -0.005828831 0.999959946 -0.006784391 -0.971244752 -0.770674169 -0.000168922 0.637229443 85.951347351
0.590483487 0.006394736 0.807024360 -2.281688690 -0.000136736 0.999969363 -0.007823555 -0.978696406 -0.807049632 0.004509330 0.590466321 86.134788513
0.544247508 0.008502590 0.838881612 -1.942943573 -0.002597476 0.999960899 -0.008450042 -0.993047953 -0.838920593 0.002419940 0.544248223 86.301879883
0.496445745 0.011488305 0.867991745 -1.612205505 -0.005720576 0.999934018 -0.009962757 -0.999173462 -0.868048966 -0.000019445 0.496478677 86.467056274
0.450053662 0.013793744 0.892894924 -1.276088715 -0.006703530 0.999904633 -0.012068029 -1.010339618 -0.892976224 -0.000554288 0.450103283 86.612617493
0.407536030 0.011342433 0.913118660 -0.924348831 0.000857908 0.999917626 -0.012803514 -1.014674664 -0.913188636 0.006001265 0.407492787 86.724105835
0.368518591 0.003399513 0.929614127 -0.552072525 0.016132249 0.999819219 -0.010051413 -1.021804094 -0.929480314 0.018700901 0.368397206 86.809936523
0.333057344 -0.000096897 0.942906559 -0.187660217 0.020396238 0.999766707 -0.007101707 -1.026335835 -0.942685902 0.021597024 0.332981706 86.899719238
0.299977481 0.003862861 0.953938425 0.182340622 0.017646328 0.999798119 -0.009597667 -1.034979105 -0.953782916 0.019712595 0.299848795 86.997894287
0.268334061 0.011822839 0.963253379 0.545473099 0.006209381 0.999882698 -0.014002173 -1.048679352 -0.963305950 0.009738468 0.268229187 87.108947754
0.240092069 0.016222704 0.970614552 0.925966263 0.001383716 0.999853611 -0.017053679 -1.065993071 -0.970749199 0.005437508 0.240034461 87.190269470
0.214462072 0.017826168 0.976569653 1.317016602 0.002761884 0.999818385 -0.018857079 -1.081872821 -0.976728499 0.006741300 0.214373916 87.254768372
0.190759867 0.018943459 0.981453955 1.725477219 0.010073197 0.999723315 -0.021253955 -1.095251441 -0.981585145 0.013940780 0.190516263 87.312950134
0.171025038 0.025078909 0.984947383 2.134251595 0.017183091 0.999448001 -0.028431777 -1.095898867 -0.985116839 0.021786988 0.170499682 87.351715088
0.151327848 0.032582391 0.987946451 2.554660797 0.020065112 0.999149442 -0.036025319 -1.085968256 -0.988279998 0.025274899 0.150545344 87.404930115
0.133727983 0.032982964 0.990468979 2.990163803 0.017762432 0.999205709 -0.035672087 -1.102222204 -0.990858853 0.022363504 0.133035883 87.456901550
0.118122742 0.028918700 0.992577851 3.452755928 0.015840929 0.999393761 -0.031002449 -1.124632955 -0.992872655 0.019385453 0.117593005 87.511840820
0.103570662 0.025525130 0.994294405 3.915895462 0.015966641 0.999499202 -0.027321907 -1.146669626 -0.994494021 0.018705299 0.103111230 87.551689148
0.090499699 0.023302089 0.995623767 4.403211594 0.017979819 0.999524951 -0.025027711 -1.160596848 -0.995734215 0.020166136 0.090037756 87.581741333
0.078824200 0.022581771 0.996632755 4.899419785 0.021822689 0.999464750 -0.024371907 -1.175339937 -0.996649623 0.023670306 0.078289241 87.609275818
0.068544559 0.023174437 0.997378826 5.414100170 0.024939574 0.999377906 -0.024934849 -1.191024303 -0.997336328 0.026583355 0.067923963 87.638847351
0.060661945 0.023995224 0.997869849 5.947385788 0.027053140 0.999304235 -0.025674315 -1.202354670 -0.997791767 0.028552966 0.059970595 87.663825989
0.055300392 0.023928575 0.998183012 6.487089157 0.028408246 0.999270380 -0.025528487 -1.225168228 -0.998065591 0.029768365 0.054580279 87.687461853
0.049812991 0.024945395 0.998446941 7.046364307 0.029702168 0.999208868 -0.026446283 -1.242105126 -0.998316944 0.030973410 0.049032651 87.709136963
0.043946192 0.025715742 0.998702884 7.632619381 0.029856764 0.999188364 -0.027042031 -1.260552406 -0.998587728 0.031006435 0.043142736 87.731346130
0.039047342 0.025693914 0.998906910 8.237374306 0.032396689 0.999111295 -0.026965557 -1.276118636 -0.998712063 0.033414215 0.038180251 87.755371094
0.036315657 0.025699619 0.999009788 8.860127449 0.033719473 0.999068499 -0.026926888 -1.294170022 -0.998771429 0.034663949 0.035415262 87.771339417
0.033429768 0.025081070 0.999126315 9.497481346 0.034980655 0.999043226 -0.026249405 -1.316468358 -0.998828769 0.035827592 0.032520432 87.785682678
0.030883115 0.024432193 0.999224365 10.153768539 0.037122648 0.998983502 -0.025573652 -1.337320566 -0.998833477 0.037883643 0.029944733 87.804954529
0.030374620 0.024216138 0.999245226 10.830490112 0.041435223 0.998816669 -0.025465280 -1.355404377 -0.998679399 0.042177450 0.029335277 87.818199158
0.031661913 0.023874894 0.999213457 11.519996643 0.045283053 0.998653889 -0.025296399 -1.373810887 -0.998472393 0.046048358 0.030538172 87.833686829
0.033783436 0.023513453 0.999152541 12.227605820 0.046845004 0.998587251 -0.025084071 -1.399471283 -0.998330653 0.047652733 0.032634221 87.861320496
0.037754741 0.023698237 0.999006033 12.947814941 0.049089704 0.998467803 -0.025540683 -1.419511437 -0.998080552 0.050005179 0.036533553 87.884117126
0.042325407 0.023196658 0.998834550 13.688146591 0.049495824 0.998454213 -0.025285199 -1.442249298 -0.997877061 0.050508339 0.041111842 87.912727356
0.046190411 0.021453781 0.998702288 14.443780899 0.051325820 0.998397827 -0.023821082 -1.464704156 -0.997613192 0.052359510 0.045015275 87.950325012
0.049990408 0.020041347 0.998548627 15.209724426 0.050402660 0.998474121 -0.022563163 -1.486242533 -0.997477114 0.051457442 0.048903987 87.995300293
0.054165956 0.017811295 0.998373032 15.995420456 0.047892589 0.998643816 -0.020414503 -1.507048249 -0.997382820 0.048920449 0.053239468 88.041198730
0.057788279 0.016960956 0.998184741 16.789134979 0.046989731 0.998701274 -0.019690126 -1.526537061 -0.997222483 0.048042301 0.056916226 88.102920532
0.062064551 0.017616209 0.997916639 17.595699310 0.044652406 0.998794019 -0.020408815 -1.551748753 -0.997072935 0.045826051 0.061203100 88.159370422
0.065240823 0.021693600 0.997633696 18.388023376 0.042124655 0.998812556 -0.024473999 -1.580524564 -0.996980011 0.043621685 0.064249538 88.205841064
0.066498801 0.027159579 0.997416854 19.188093185 0.036272265 0.998902857 -0.029618358 -1.604759574 -0.997127056 0.038148154 0.065440722 88.271392822
0.066352628 0.029995272 0.997345269 19.994728088 0.033363637 0.998922408 -0.032262359 -1.637499332 -0.997238338 0.035415754 0.065280385 88.329963684
0.066553168 0.029838867 0.997336745 20.815555573 0.031055009 0.999006510 -0.031961162 -1.668565035 -0.997299492 0.033099402 0.065560400 88.391532898
0.066680536 0.028056899 0.997379899 21.626558304 0.028275266 0.999149978 -0.029997060 -1.702513337 -0.997373700 0.030201398 0.065830529 88.452629089
0.066660300 0.026814803 0.997415423 22.444593430 0.029111609 0.999161005 -0.028807355 -1.737722039 -0.997350991 0.030956676 0.065823749 88.505989075
0.066636361 0.025829855 0.997442961 23.261884689 0.026506897 0.999266267 -0.027647922 -1.776716709 -0.997425199 0.028281473 0.065902792 88.574859619
0.066793472 0.026299344 0.997420132 24.078361511 0.024788141 0.999300241 -0.028008886 -1.810391426 -0.997458875 0.026595009 0.066094808 88.632408142
0.066547401 0.027083246 0.997415662 24.892307281 0.021689888 0.999355972 -0.028583081 -1.843632817 -0.997547388 0.023535963 0.065917097 88.699012756
0.065368265 0.028290626 0.997460127 25.705894470 0.018817985 0.999385297 -0.029578468 -1.879685402 -0.997683704 0.020703677 0.064795695 88.763465881
0.062343985 0.028149499 0.997657657 26.511356354 0.015927196 0.999446809 -0.029195281 -1.911355257 -0.997927606 0.017710038 0.061861150 88.818229675
0.058641266 0.027081037 0.997911632 27.326381683 0.013461987 0.999519706 -0.027915750 -1.940877438 -0.998188317 0.015070889 0.058248539 88.871009827
0.054079078 0.024527706 0.998235285 28.139282227 0.011665410 0.999614596 -0.025193565 -1.973971844 -0.998468459 0.013007269 0.053772114 88.917060852
0.047757708 0.022477824 0.998605967 28.945892334 0.009206744 0.999694347 -0.022942631 -2.006040573 -0.998816490 0.010289595 0.047536168 88.960624695
0.040137142 0.022723738 0.998935699 29.751331329 0.009183520 0.999690711 -0.023109907 -2.035119057 -0.999151945 0.010101313 0.039916053 88.995574951
0.031677622 0.023469597 0.999222517 30.553470612 0.009182104 0.999675214 -0.023771327 -2.064714670 -0.999455929 0.009927984 0.031451836 89.019546509
0.021639192 0.023932468 0.999479294 31.357831955 0.009643354 0.999661922 -0.024145627 -2.093850613 -0.999719322 0.010160825 0.021401087 89.039909363
0.011302818 0.022970857 0.999672174 32.144210815 0.011046894 0.999672234 -0.023095759 -2.124764442 -0.999875128 0.011304318 0.011045356 89.045616150
0.000222600 0.021977307 0.999758422 32.937705994 0.009842355 0.999709904 -0.021978436 -2.155380726 -0.999951541 0.009844869 0.000006228 89.050407410
-0.010837825 0.021260705 0.999715149 33.723373413 0.011275210 0.999712944 -0.021138426 -2.183425665 -0.999877810 0.011042905 -0.011074435 89.038696289
-0.021734986 0.021668840 0.999528885 34.503108978 0.011793966 0.999701023 -0.021416107 -2.209781170 -0.999694228 0.011322930 -0.021984052 89.021476746
-0.032919221 0.022431631 0.999206185 35.280982971 0.011843293 0.999686599 -0.022052232 -2.236022234 -0.999387860 0.011107950 -0.033174571 88.995780945
-0.043181937 0.023178332 0.998798370 36.056251526 0.011306927 0.999678314 -0.022709906 -2.268346786 -0.999003232 0.010312681 -0.043430127 88.955299377
-0.053619269 0.024321454 0.998265326 36.820117950 0.011989584 0.999647081 -0.023711128 -2.293115854 -0.998489499 0.010697411 -0.053891946 88.915046692
-0.063195720 0.024839232 0.997692108 37.579017639 0.013042361 0.999625504 -0.024061242 -2.327091455 -0.997915864 0.011491690 -0.063496009 88.862083435
-0.072919674 0.025524378 0.997011065 38.343139648 0.013607185 0.999604940 -0.024595572 -2.352342844 -0.997245014 0.011773014 -0.073238164 88.806579590
-0.082333997 0.025863897 0.996269047 39.084423065 0.014382706 0.999590039 -0.024761485 -2.382235050 -0.996501029 0.012290335 -0.082672223 88.746856689
-0.090965785 0.025244761 0.995534003 39.818260193 0.015594811 0.999592245 -0.023922708 -2.409480810 -0.995731950 0.013349015 -0.091322362 88.675453186
-0.097947039 0.024088277 0.994900048 40.552501678 0.017215095 0.999598444 -0.022507224 -2.439714432 -0.995042741 0.014922785 -0.098322392 88.590988159
-0.103348769 0.022569394 0.994388938 41.273811340 0.020083025 0.999586105 -0.020600079 -2.466420889 -0.994442523 0.017841348 -0.103759252 88.516899109
-0.107017435 0.021098431 0.994033217 41.985305786 0.023656655 0.999545872 -0.018668564 -2.488899231 -0.993975759 0.021517644 -0.107467934 88.433418274
-0.109710731 0.020078976 0.993760765 42.689018250 0.024764843 0.999540865 -0.017461738 -2.509197235 -0.993654966 0.022694593 -0.110157609 88.351348877
-0.111418329 0.019075789 0.993590534 43.374473572 0.024733853 0.999559402 -0.016416803 -2.533581257 -0.993465662 0.022746192 -0.111841053 88.274856567
-0.112175725 0.019640571 0.993494153 44.036209106 0.025982117 0.999520719 -0.016826062 -2.555637836 -0.993348539 0.023925610 -0.112632267 88.199287415
-0.111188933 0.020742400 0.993582726 44.687862396 0.026762865 0.999481976 -0.017870601 -2.576353550 -0.993438840 0.024604110 -0.111686490 88.127716064
-0.108197108 0.022319738 0.993878782 45.307006836 0.027630901 0.999429166 -0.019436387 -2.599148750 -0.993745267 0.025358805 -0.108752072 88.062194824
-0.103005074 0.022846948 0.994418383 45.938831329 0.027676288 0.999414921 -0.020094948 -2.621738434 -0.994295716 0.025451928 -0.103577115 87.995758057
-0.094866455 0.023617774 0.995209813 46.538639069 0.027144611 0.999408126 -0.021129902 -2.642578363 -0.995119810 0.025010064 -0.095451400 87.941490173
-0.083901897 0.023547737 0.996195734 47.118721008 0.025988782 0.999432385 -0.021435408 -2.667642593 -0.996135116 0.024091439 -0.084466234 87.905883789
-0.070291646 0.023638079 0.997246385 47.669918060 0.025294650 0.999439955 -0.021907162 -2.692704201 -0.997205794 0.023685111 -0.070850194 87.876312256
-0.053091194 0.024797961 0.998281717 48.211006165 0.023970881 0.999435127 -0.023551781 -2.721896648 -0.998301923 0.022679299 -0.053655628 87.860206604
-0.031989962 0.027421838 0.999112010 48.745235443 0.022221953 0.999395967 -0.026718121 -2.741925716 -0.999241173 0.021347506 -0.032580003 87.862869263
-0.007040827 0.030387159 0.999513447 49.268096924 0.020081142 0.999341011 -0.030240458 -2.767935276 -0.999773622 0.019858453 -0.007646391 87.874664307
0.020988882 0.032176580 0.999261856 49.780773163 0.018210338 0.999303877 -0.032560430 -2.788921833 -0.999613822 0.018880300 0.020388324 87.911399841
0.054370865 0.031637318 0.998019516 50.289375305 0.015391912 0.999352694 -0.032518111 -2.814167500 -0.998402238 0.017129464 0.053848710 87.955223083
0.093667187 0.028782355 0.995187461 50.756252289 0.013760535 0.999449074 -0.030200755 -2.842965603 -0.995508552 0.016523130 0.093219548 87.994049072
0.134966671 0.025143504 0.990531087 51.290775299 0.012004644 0.999563158 -0.027008489 -2.865187168 -0.990777314 0.015536217 0.134605899 88.102340698
0.180748165 0.020966154 0.983305991 51.781452179 0.009179817 0.999693215 -0.023002969 -2.885652542 -0.983486533 0.013184312 0.180500284 88.213310242
0.229257807 0.017812803 0.973202705 52.266395569 0.004785490 0.999799788 -0.019426938 -2.901408672 -0.973353982 0.009111029 0.229126662 88.354202271
0.280656457 0.016096162 0.959673405 52.733753204 0.000833012 0.999855042 -0.017013721 -2.923306704 -0.959807873 0.005574432 0.280602336 88.527610779
0.335511833 0.015998397 0.941900194 53.177803040 -0.000856188 0.999860644 -0.016677886 -2.939188004 -0.942035615 0.004789185 0.335478723 88.719299316
0.391202867 0.016830277 0.920150638 53.605155945 0.001214553 0.999822497 -0.018803902 -2.954451084 -0.920303702 0.008473714 0.391112953 88.954650879
0.451728135 0.019387268 0.891945124 54.022895813 0.002284623 0.999735534 -0.022887247 -2.977714300 -0.892152786 0.012376569 0.451564282 89.193443298
0.511952877 0.022551175 0.858717620 54.421440125 0.003008459 0.999602139 -0.028044602 -2.997092962 -0.859008312 0.016940929 0.511681259 89.458961487
0.571049094 0.027578473 0.820452750 54.778091431 -0.000555824 0.999448359 -0.033208318 -2.996644258 -0.820915937 0.018507550 0.570749164 89.738357544
0.624478996 0.030307012 0.780453384 55.098175049 -0.004972612 0.999380887 -0.034829702 -3.019375324 -0.781025767 0.017869527 0.624243081 90.077171326
0.677617908 0.030581400 0.734777987 55.422569275 -0.006545304 0.999346197 -0.035556577 -3.042144299 -0.735385060 0.019284427 0.677375078 90.422431946
0.726620734 0.028355546 0.686453462 55.714008331 -0.006811233 0.999396145 -0.034072582 -3.063762665 -0.687004983 0.020082250 0.726375043 90.779090881
0.770842552 0.025910273 0.636498511 55.965019226 -0.009417091 0.999526739 -0.029283525 -3.071672440 -0.636956036 0.016579019 0.770721793 91.169189453
0.812677145 0.022100629 0.582295060 56.218177795 -0.010655191 0.999677062 -0.023071228 -3.074316263 -0.582616806 0.012544997 0.812650204 91.573616028
0.849338472 0.020142334 0.527464330 56.437488556 -0.013319829 0.999771416 -0.016730394 -3.083047390 -0.527680635 0.007184034 0.849412501 91.997138977
0.880121589 0.017003976 0.474443853 56.616500854 -0.014275468 0.999854326 -0.009352750 -3.090351343 -0.474533617 0.001458648 0.880236149 92.428222656
0.905754566 0.017788932 0.423429310 56.771636963 -0.018086821 0.999830961 -0.003315087 -3.108060837 -0.423416674 -0.004655836 0.905923009 92.846847534
0.925502658 0.019281846 0.378250152 56.886360168 -0.021193294 0.999774992 0.000890793 -3.126142979 -0.378147781 -0.008840800 0.925703049 93.257446289
0.940529883 0.024983644 0.338791102 57.007232666 -0.027881730 0.999604404 0.003689113 -3.134148121 -0.338564843 -0.012915804 0.940854430 93.708038330
0.952409506 0.029162358 0.303423494 57.119316101 -0.031562161 0.999497235 0.003007035 -3.136157513 -0.303183258 -0.012440633 0.952850997 94.168342590
0.961489618 0.031646006 0.273013383 57.221801758 -0.033774037 0.999424636 0.003097239 -3.134653807 -0.272758305 -0.012198729 0.962005198 94.633766174
0.967596292 0.026262110 0.251132548 57.332260132 -0.027999012 0.999602377 0.003345162 -3.138197422 -0.250944823 -0.010268232 0.967946947 95.101562500
0.971524656 0.023672940 0.235753417 57.438575745 -0.025401577 0.999668121 0.004297603 -3.149487495 -0.235573411 -0.010163737 0.971803427 95.586837769
0.974444866 0.027731545 0.222908586 57.532615662 -0.029377777 0.999560058 0.004071972 -3.153303146 -0.222697616 -0.010516472 0.974830866 96.081115723
0.976406395 0.033499178 0.213327289 57.621337891 -0.035422005 0.999358952 0.005196571 -3.157302856 -0.213016450 -0.012630448 0.976966918 96.592552185
0.977320254 0.040286019 0.207899570 57.707183838 -0.041800704 0.999121785 0.002895781 -3.144522190 -0.207600281 -0.011520453 0.978145897 97.091857910
0.977827966 0.046464775 0.204189554 57.814315796 -0.047376286 0.998877048 -0.000424799 -3.150444746 -0.203980014 -0.009258362 0.978931308 97.575462341
0.977945030 0.048048079 0.203260690 57.921607971 -0.048470180 0.998820364 -0.002903795 -3.160914660 -0.203160480 -0.007012334 0.979120314 98.106208801
0.977423191 0.046505313 0.206109732 58.030960083 -0.046064299 0.998914361 -0.006940570 -3.161751509 -0.206208766 -0.002710428 0.978504241 98.650550842
0.976724684 0.045792498 0.209552079 58.155891418 -0.044115644 0.998946071 -0.012671794 -3.179841995 -0.209911555 0.003132327 0.977715373 99.204536438
0.975756586 0.045465149 0.214084104 58.270668030 -0.042669181 0.998933077 -0.017665520 -3.178545475 -0.214658886 0.008102452 0.976655543 99.763053894
0.974637330 0.049971428 0.218139708 58.401184082 -0.047283206 0.998727679 -0.017529480 -3.184744358 -0.218738154 0.006770540 0.975760102 100.336174011
0.973149657 0.053212747 0.223938093 58.525337219 -0.051422454 0.998581290 -0.013823110 -3.193586588 -0.224355966 0.001936506 0.974505365 100.927642822
0.972246885 0.049980611 0.228556126 58.672332764 -0.049163409 0.998747706 -0.009271459 -3.202196598 -0.228733316 -0.002222454 0.973486602 101.526695251
0.971522093 0.046053130 0.232430518 58.820365906 -0.046483301 0.998912454 -0.003629021 -3.214962006 -0.232344911 -0.007278466 0.972606182 102.153015137
0.970631480 0.043848149 0.236541659 58.966251373 -0.045327809 0.998971760 0.000818126 -3.222073317 -0.236262590 -0.011516013 0.971621037 102.778038025
0.970232725 0.038399529 0.239110887 59.141006470 -0.039999709 0.999197960 0.001841371 -3.235188246 -0.238848403 -0.011350923 0.970990479 103.414733887
0.970235825 0.035058718 0.239611134 59.300258636 -0.035762303 0.999359369 -0.001412266 -3.240966320 -0.239507124 -0.007198814 0.970867872 104.058403015
0.970434666 0.034211323 0.238927379 59.464717865 -0.033178665 0.999414682 -0.008343836 -3.250813007 -0.239072978 0.000169856 0.971001506 104.704254150
0.970537305 0.036432460 0.238180906 59.617870331 -0.033865571 0.999315917 -0.014861578 -3.260333300 -0.238559410 0.006357584 0.971107006 105.357826233
0.971138120 0.039378110 0.235245094 59.781265259 -0.035946980 0.999175847 -0.018857634 -3.267427921 -0.235793754 0.009857013 0.971753120 106.043762207
0.971779227 0.037731234 0.232855007 59.946434021 -0.035365436 0.999271810 -0.014328045 -3.277628660 -0.233226031 0.005688675 0.972405910 106.723068237
0.972224057 0.033614557 0.231625617 60.112754822 -0.032919310 0.999434471 -0.006867153 -3.291122437 -0.231725439 -0.000948542 0.972780764 107.433425903
0.972852409 0.033877078 0.228933513 60.279312134 -0.034629002 0.999400020 -0.000733171 -3.308536053 -0.228820980 -0.007214473 0.973441839 108.153892517
0.973061621 0.037809059 0.227424189 60.437744141 -0.038493987 0.999257982 -0.001424585 -3.317099333 -0.227309272 -0.007368255 0.973794758 108.874679565
0.973312140 0.043190945 0.225384071 60.592247009 -0.042917736 0.999059916 -0.006113942 -3.322197914 -0.225436285 -0.003722200 0.974250734 109.613647461
0.974188030 0.044140197 0.221380308 60.754417419 -0.042662311 0.999023855 -0.011455356 -3.330551624 -0.221669838 0.001715076 0.975120246 110.350334167
0.975122869 0.042526059 0.217547789 60.920963287 -0.040380504 0.999082148 -0.014300621 -3.344016552 -0.217956245 0.005160173 0.975944877 111.110481262
0.976069033 0.040478624 0.213660210 61.088272095 -0.038665600 0.999171972 -0.012659428 -3.357848644 -0.213995770 0.004095175 0.976826012 111.883964539
0.976925790 0.036908980 0.210365728 61.251201630 -0.035454582 0.999314129 -0.010682214 -3.372366905 -0.210615739 0.002977303 0.977564454 112.661094666
0.977342188 0.035348631 0.208692506 61.419281006 -0.034527145 0.999375045 -0.007579089 -3.390834332 -0.208830014 0.000201806 0.977951944 113.449119568
0.977703750 0.032184917 0.207507625 61.588375092 -0.031738959 0.999481201 -0.005478927 -3.398406506 -0.207576290 -0.001229306 0.978218079 114.251953125
0.977963805 0.027257157 0.206988037 61.760719299 -0.026956787 0.999627411 -0.004271974 -3.409098864 -0.207027376 -0.001401897 0.978334188 115.048530579
0.978062809 0.027974907 0.206423134 61.933326721 -0.028014595 0.999603868 -0.002731224 -3.418142796 -0.206417769 -0.003111554 0.978459060 115.864746094
0.977854013 0.033198919 0.206637710 62.098453522 -0.032941390 0.999446332 -0.004687748 -3.426433802 -0.206678942 -0.002222999 0.978406429 116.684005737
0.977484941 0.039248485 0.207322225 62.254608154 -0.038377117 0.999229431 -0.008224800 -3.433874130 -0.207485303 0.000083191 0.978238225 117.491516113
0.976918340 0.047592141 0.208243668 62.415794373 -0.046623562 0.998866737 -0.009559950 -3.449216843 -0.208462685 -0.000369768 0.978030324 118.316184998
0.975986540 0.053732648 0.211099222 62.580276489 -0.053055529 0.998552024 -0.008874327 -3.469839573 -0.211270422 -0.002538755 0.977424383 119.141418457
0.975066841 0.056652337 0.214558005 62.743549347 -0.056428477 0.998380780 -0.007173211 -3.481300354 -0.214616969 -0.005112820 0.976684868 119.981018066
0.974524617 0.057296939 0.216837958 62.925491333 -0.056955814 0.998345912 -0.007827597 -3.500495434 -0.216927782 -0.004721994 0.976176262 120.805885315
0.974212766 0.055607144 0.218671292 63.106292725 -0.054600958 0.998451531 -0.010646412 -3.512469053 -0.218924671 -0.001567792 0.975740492 121.643898010
0.974315226 0.049180206 0.219752192 63.310493469 -0.048310038 0.998788774 -0.009335152 -3.531307697 -0.219945133 -0.001520856 0.975511074 122.476577759
0.974532127 0.042625312 0.220159292 63.500129700 -0.041301183 0.999090374 -0.010615937 -3.552089453 -0.220411539 0.001252732 0.975406170 123.309410095
0.974318922 0.042134665 0.221194893 63.688987732 -0.040769275 0.999110937 -0.010736809 -3.573455334 -0.221450597 0.001443121 0.975170553 124.128822327
0.973775506 0.044482134 0.223119780 63.877006531 -0.043804340 0.999008179 -0.007988642 -3.587750196 -0.223253846 -0.001994470 0.974758327 124.969779968
0.973351896 0.046429850 0.224567190 64.057891846 -0.047143128 0.998885751 -0.002187586 -3.603254557 -0.224418536 -0.008457511 0.974456191 125.791496277
0.972978175 0.049925555 0.225434855 64.237739563 -0.051645368 0.998663902 0.001734295 -3.617161989 -0.225047082 -0.013330098 0.974256694 126.617614746
0.972778380 0.049238924 0.226445764 64.421783447 -0.049505647 0.998763800 -0.004504467 -3.637520790 -0.226387590 -0.006828499 0.974013448 127.437828064
0.973105490 0.044647690 0.225991905 64.620315552 -0.041416239 0.998960853 -0.019022491 -3.652936935 -0.226606369 0.009151156 0.973943412 128.252410889
